13500
1863
13504
1881
583
2513
13507
4074
1362
1362
2014
211
13510
881
2431
1934
1943
22
2123
2504
1201
2254
1494
13513
2221
3372
1312
2513
2391
2273
1883
2162
13516
1974
1364
13519
2601
13522
1043
2093
24
1894
13526
13529
13532
2282
3882
3584
2423
3661
21
1161
3391
3801
1873
1863
64
2701
1211
3803
1864
3801
512
973
534
13535
13539
1851
1241
1
2693
13542
3982
2853
2074
1973
1574
1362
13545
2881
2131
13549
1712
2701
2284
364
3932
3983
714
2564
1891
3801
3763
4061
13552
13555
1864
3982
1031
1974
13558
13561
1973
1701
134
2664
314
2503
1872
1313
1362
2631
13564
574
13567
3813
13570
2502
13
13573
211
3474
2644
2434
2693
2721
391
2074
983
13576
1
13579
1063
2701
1661
34
3871
13582
2144
2604
3
563
1972
13585
942
13588
3273
3123
13591
13594
2392
2674
2222
2552
13597
13600
2923
24
1951
2293
2521
1983
84
242
2071
1863
2154
13603
24
181
1494
564
2914
2611
1364
3751
4061
1173
374
3831
771
1991
13607
1221
2231
3801
921
3781
733
111
2601
1284
3344
13611
13614
943
1
2184
13617
2053
2504
13620
2881
1044
13624
2431
61
283
2404
2914
13627
23
14
572
13630
211
454
64
2522
3174
2781
21
2102
583
3984
181
1922
2174
2413
3073
24
2124
2932
2504
2664
3822
2152
1944
1974
13633
13636
13640
2131
14
1244
1982
1443
3244
294
82
13643
2143
2772
13646
4033
1
2891
1314
1314
3962
2164
2991
2953
1211
1701
4034
3203
2632
2502
2233
1351
13649
13652
1952
2773
2144
942
23
13655
24
412
13658
1934
1692
2541
2931
1641
1871
13661
2401
1864
554
1663
1574
3123
1861
2151
1973
13664
2531
2152
3744
2594
13667
2783
1953
1474
1884
1872
3701
4061
784
2611
3952
13670
504
2921
2344
2872
3012
3523
3874
2344
4061
3711
2794
2694
3242
1872
1934
3842
2434
13674
2191
3584
394
2814
2942
412
13677
1054
2391
84
2691
3342
13680
13683
13687
504
3321
1971
1862
2162
2044
13690
1862
3001
3664
2591
761
13693
181
2012
3054
13696
3582
2163
983
13699
1131
64
2591
1864
961
13702
2924
2642
24
12
1652
3583
3762
2191
2004
1692
1044
13705
3141
981
823
3
4012
2194
13708
1864
13711
2533
13714
1981
13717
54
53
63
583
2013
13720
1971
2791
12
1894
1164
1971
4014
3372
1314
3341
1112
2764
13723
1982
1963
1964
1123
13726
2163
913
863
4072
723
4073
2164
13729
454
1871
1342
44
4
2514
342
3393
961
13732
384
13735
13738
13741
13744
13749
1891
2601
3394
1771
3244
1984
1984
3142
2904
1284
302
412
13752
3073
2504
2292
13755
1351
2624
1144
64
1244
4034
13758
1923
13761
1901
2912
13764
1044
2124
1864
3354
404
13767
2921
2273
1813
2352
1294
1934
1161
13770
2282
1984
2103
2182
2252
1872
3513
2744
13773
3641
1972
13776
13
13779
561
314
1972
1692
2213
3991
1471
13782
13785
3523
1891
3553
793
194
764
1053
2221
13788
1232
2692
13791
13794
3614
13797
2072
13800
1761
3
1251
3991
1223
13804
3074
13807
1882
3674
13811
3671
2084
1662
2551
1943
2494
2391
2582
2162
1874
1364
3143
2424
41
2152
734
3372
3794
3822
144
2172
1954
2454
13814
1882
1382
94
1872
13817
1891
2194
1944
3682
2892
3854
1904
3842
2872
1663
1864
3664
1874
4
1363
1342
3224
13820
13823
2284
3023
791
1574
1063
1874
2152
3882
2553
213
314
783
1951
13826
2001
333
322
1284
1072
2961
1864
3524
533
3801
2501
1234
13829
2004
1933
2874
512
3581
2084
1494
1883
13833
1211
1561
13836
1652
2124
753
2522
13839
101
13842
13845
1342
3932
744
3661
3882
2144
574
3634
1964
3751
13848
1884
3024
1872
1472
2664
1584
3524
2074
2683
13851
1862
824
3032
501
2513
912
2143
181
1902
3712
2513
4033
2153
1262
2624
824
2881
1863
61
2534
2091
2514
1894
1233
2424
3721
1211
13854
1561
13857
2164
2832
1652
2164
802
2594
13860
2582
13863
1064
23
734
14
1003
13866
13869
13872
2721
1342
2161
1863
4014
1884
4012
1864
2872
2302
1631
13875
2503
2664
1933
1662
3413
2853
1283
1761
2924
3211
2013
24
2301
13882
2813
2851
2782
1861
24
2231
13885
913
13888
1934
592
1223
603
2924
13
744
13891
3652
1864
1981
2504
3952
2094
13894
64
2833
2174
13897
2623
2344
1232
13900
3954
2981
54
884
2991
4
3134
412
3711
13903
2302
3032
731
2994
13906
2304
2194
2183
2002
984
3244
411
151
741
2051
2173
1351
2252
3134
964
932
2071
2154
13910
902
13914
3831
13920
961
13924
2944
2514
2054
454
403
2932
1211
281
1253
3611
334
2274
1854
13927
13930
2581
1441
2294
13933
13936
754
1922
2051
2143
2283
13939
23
2874
13942
962
1923
64
1284
1844
2051
1874
3771
2884
3451
1862
964
13945
1514
2181
13948
2284
2772
1561
1134
2582
2534
564
3874
2652
963
13951
224
272
1603
2874
1751
2624
2153
1903
932
2582
2612
2072
2103
3663
1681
2152
1943
2633
3741
2071
2644
1474
2784
1681
13955
1994
2124
3214
224
1862
2874
1922
13958
172
3124
2802
1662
1934
3093
1692
201
1284
1983
2773
2152
13961
2174
781
1951
13964
212
931
13967
1831
971
13970
3213
3032
2143
611
1903
1294
924
2171
3141
13973
481
572
2911
1664
2153
13978
3664
1892
1864
1501
3611
1482
2942
3982
3621
2721
874
1701
2152
1832
1582
1661
13981
3831
3103
13984
13987
1952
13991
2742
731
2282
1283
3663
3791
1891
1993
752
1063
1984
2493
853
2721
1973
1882
294
1652
1471
1884
1984
4033
3142
13994
13997
412
2051
1141
783
14000
294
14003
3822
14007
2304
2502
3714
14010
64
2522
2781
14013
4
934
1314
14016
754
2773
1
943
2912
1574
2582
793
14019
4
222
1681
214
1283
2144
1974
3674
2252
2171
1033
2072
14022
3882
14025
752
3874
3953
1164
391
2514
14028
2162
1652
2
14032
1894
344
64
1882
2923
2611
14035
14038
1982
14041
3663
2801
2371
323
764
762
1
3801
2053
3531
2591
2392
1662
1413
3024
2162
14044
1661
1
2152
211
14047
1161
2712
3011
1471
2284
14050
3982
1122
1874
14053
3
14056
21
1991
2473
14059
2842
1313
2704
804
1903
2521
734
14062
2701
14065
1462
2154
3142
14069
2023
2154
14074
3251
2163
2861
761
14077
2892
2834
14080
2711
1052
14083
2252
4033
2414
923
2034
2213
2152
64
14086
2042
1973
1934
14089
1894
1933
2023
14092
2172
2583
944
964
14095
14098
1914
14101
2602
14104
404
362
4033
2683
272
14107
2132
1262
3894
1054
1294
2393
461
41
461
501
2612
1862
14110
2951
1353
14115
1961
2763
14119
14122
14126
3
14131
14134
2371
14137
1861
2504
3262
2872
2692
3932
1034
1692
3003
531
1864
14141
1004
3332
3474
2791
2761
41
14145
1862
2952
14148
2
2392
2591
3241
2691
552
3961
3474
24
404
2504
1851
23
14151
21
1971
4
3842
2814
1904
14154
1864
2501
2812
14157
2594
1864
1963
2584
1423
14160
3232
2214
14163
1054
2782
2104
14166
564
1872
14169
3934
3723
2244
1424
3341
1772
24
2632
14172
14175
2194
14178
604
2951
1134
2761
24
12
2282
14181
3
3803
863
1683
14185
14188
3401
14191
2994
1684
2054
3032
21
1874
3541
781
2844
754
24
2871
3072
2164
2912
412
24
1173
1984
992
1113
2593
2234
2061
84
2514
401
2923
1211
3213
2504
14194
14197
272
3074
2563
2932
2252
1903
3144
1881
3171
2781
564
3484
2082
1952
2152
3952
2782
961
3822
2562
2701
2344
4073
3834
1893
3122
14200
614
4061
3164
1824
3472
3243
14203
2304
14206
4012
1874
2194
3964
14209
2923
2174
4043
1254
14212
14215
784
3932
1701
2053
1903
984
1423
2403
2624
1161
271
2912
1331
284
564
14218
1822
3244
2284
3953
2632
1864
211
2284
1344
2502
3323
2281
3722
3321
2842
1452
731
3741
14222
14225
14228
752
14231
14234
1294
2493
14237
101
14240
1884
1223
2611
3
1882
14243
2163
14247
401
2493
2521
3391
2092
1211
2162
43
964
14250
1874
1364
412
3871
2161
1561
753
1864
944
584
2983
14253
14256
14259
2191
741
3244
964
14262
2072
2233
571
921
2694
1
4
1161
1984
1314
942
2174
401
2063
14265
14268
944
294
1173
2492
2841
3032
2144
14271
3934
921
2912
1033
1443
943
3914
3822
1842
3343
2583
1161
14274
2701
1874
2884
2154
1331
2154
2154
2513
221
3991
3323
2004
2231
2442
1902
4043
2312
284
14277
564
2401
1622
2164
14280
2522
14283
14286
3401
2614
1094
294
14289
2684
392
14292
2513
2691
2274
14295
761
14298
983
2811
14301
274
3451
734
1663
2153
3944
14304
1854
2604
2874
14307
2
2284
1863
14310
14313
1133
1501
14316
2174
14319
14322
14325
1054
1603
612
2531
3021
1922
14328
3652
1541
2591
3931
2942
3743
3834
2912
3533
2431
14331
3371
14335
1561
271
763
2861
3932
3084
1023
804
1602
2584
4081
1771
14338
322
3091
2123
1972
14341
2061
14344
461
2421
14347
14350
14353
3542
1753
1891
2133
2163
1753
14356
622
461
2164
14359
894
14362
1891
3091
2822
14365
3941
2162
3243
1871
14368
1904
14372
312
1933
2931
3591
1303
503
554
14375
2584
3801
2421
3762
1342
14378
2304
1143
1871
2414
2252
3994
2164
312
1851
883
1223
2614
14382
1892
21
2064
2892
3074
3064
2092
2854
2192
2784
44
13
3813
2004
3801
1321
1892
2413
1974
3793
1234
3343
1914
3874
734
14387
3952
2294
192
801
14390
1334
2123
1973
3613
2331
3031
2893
3941
3373
3152
3084
461
1234
211
2424
1963
2464
14394
2213
22
2704
2584
14397
494
1513
3961
14400
2001
3054
1334
1623
14404
412
1134
14407
3472
1401
3324
14410
2193
2001
1934
3031
1551
501
482
3842
2282
392
892
1981
3242
3401
14413
14416
2001
4014
14419
1884
2783
1131
554
2691
574
1624
1914
2421
2851
2133
14422
553
324
3941
1933
344
2152
3994
2164
874
4033
2643
2232
2334
1864
1382
2782
3821
863
14425
2344
1971
2311
434
1622
2252
734
1932
3944
41
1281
2562
744
1981
3321
3164
1294
2143
14428
1443
2562
1872
2924
1684
1952
1211
2171
1792
1333
2231
1243
851
934
1864
412
1484
3964
1331
2682
83
2173
1831
1331
112
242
284
1351
1903
2661
2181
14431
934
14434
2504
52
3314
2023
1352
1984
1
3074
14437
294
2781
2021
2712
4
14440
14443
2393
1144
211
2424
1473
1663
101
3522
3524
2044
3093
3542
2553
14446
1872
3982
194
3
1471
3891
2053
851
14
3731
1882
3982
1751
14449
874
14452
1753
3701
1
1862
2302
2581
3834
3304
4061
391
14455
1802
14458
2672
3004
14461
2334
14464
24
1582
1663
1283
14467
1992
1652
3721
1934
2851
14471
2594
833
2691
3342
1363
41
14474
92
2942
4012
1981
52
3952
2602
3522
1063
2693
823
11
1634
3801
2222
14477
3741
3932
754
1364
1882
1874
2282
893
3822
1164
4014
3141
4014
1884
2191
1862
14480
482
924
512
3804
1883
3801
3961
1364
14483
14486
3794
1924
1962
3364
583
3342
892
3251
14489
1824
4031
3994
14492
2843
2513
744
3032
14495
1331
781
2153
14498
1163
3934
1334
1063
1944
1163
1992
2872
1701
1
1871
233
14501
851
1064
14504
3323
14507
14510
3244
2892
14513
2583
3064
3074
3243
2594
953
3241
14516
1331
14519
1071
2671
2004
1863
2683
1061
2683
3722
2593
2154
14522
1974
14526
3834
2152
932
14529
1924
14532
2663
14535
1304
1511
14540
14543
3032
14546
761
1413
14549
1504
1244
3524
892
3242
1952
2644
984
3044
2073
2612
1934
14552
1244
14555
3102
2163
2164
2591
14560
14563
2124
14566
1871
1602
2083
2
742
1034
341
14569
14572
3373
2154
1272
311
1501
1944
3621
282
2473
2002
1044
2692
1874
1872
14575
1964
14579
3381
14582
2092
14586
764
3752
3811
1882
3882
2382
1681
3611
1821
3301
3652
2392
3791
14589
792
1502
564
1494
3242
1571
4031
2004
1131
2163
1491
14592
3344
2751
513
2431
14596
1893
14600
612
2164
592
1502
4033
3474
1891
2501
2732
3374
3304
2624
1881
2862
2874
1504
1892
884
3663
1914
972
3242
1874
2071
3631
1881
2232
2074
3924
3814
3943
1864
14604
2281
2282
1833
3882
3084
462
2583
2434
14607
2994
1462
3361
14610
984
14613
513
2172
612
891
2611
2643
2344
343
194
1944
772
2514
14616
604
1883
2773
2194
14
2163
14619
2072
1143
2022
14622
2851
1923
964
3373
1974
1342
3344
1891
832
2194
3664
2832
1911
801
43
1314
1213
3843
3613
1972
1753
2304
2893
1884
3091
1631
752
1
2442
1932
2421
14625
2522
2164
14630
872
2522
2861
2612
14633
3542
3782
1864
1244
1603
2161
2631
2603
2861
1882
2742
2222
2002
3404
3791
14636
14639
14642
3931
1891
1881
1983
1232
724
2692
892
3652
1351
3232
2854
2392
41
2152
3304
3031
1214
1831
2581
1234
1851
1891
3693
2601
1932
511
1843
1501
3103
1681
14646
1622
2272
2522
1933
2614
1934
2074
2932
52
2632
1153
3924
14650
1944
1864
14653
4
1422
14656
3952
1862
2403
3331
412
14659
3944
3744
2583
14662
1112
2444
2562
1981
2872
2812
2484
14665
1862
4
2443
1934
1444
1902
1904
2152
1701
11
362
1934
2031
284
1284
2612
3843
14668
804
2152
1994
1894
1351
2023
14671
3741
2304
2152
271
2531
2912
1864
2912
1892
64
2462
2912
14675
272
3542
3141
2531
1064
1354
3751
3134
2612
272
3392
14678
14681
14686
14689
2232
2851
1653
294
2173
3671
752
1934
14692
14695
1902
14698
14701
2614
14704
2471
14707
1984
1231
2051
14710
14714
1244
84
2521
2912
2004
3603
2231
14717
1253
2534
932
564
1964
3321
1663
2224
3882
14720
14723
344
3794
312
2721
14726
3642
1314
14729
3454
3124
1251
2762
1263
344
3
2151
314
3413
324
2421
3841
1064
2652
2044
24
1982
2854
1693
824
1074
1852
1914
3704
2092
2124
3101
14732
2194
2273
481
1044
2434
3394
14735
1312
1944
742
2912
1342
14738
2691
1952
892
2614
1001
14741
14744
2162
1491
2854
2883
14747
2162
2453
2113
2114
624
232
2231
14750
2154
734
2282
14754
1541
1203
2424
3294
543
391
543
14757
1704
14760
14763
4011
272
3882
14
14766
3961
1912
1233
14770
3393
3244
1893
14773
251
14776
2312
1262
14779
14782
3334
3144
2391
3474
2164
2412
1932
2511
1052
11
3344
3242
2392
1221
14786
1912
2584
924
923
3101
1054
1861
2072
2624
2892
754
2194
752
14789
2951
14792
14795
1232
2154
2164
754
3571
14798
2514
14801
1272
3241
1871
4014
2152
944
1684
3242
14804
1622
14807
2811
2514
1944
1832
2154
4012
3722
3124
14810
731
14814
3344
2294
1814
2871
314
3134
374
3254
14817
903
1944
3722
2162
2413
14820
1873
761
334
1493
2492
2593
14823
992
3332
1004
91
3193
14826
3024
1861
2281
3341
3262
3932
2511
3474
2924
2782
731
1503
3631
1213
14829
1281
763
61
2133
1891
2862
2851
14832
2003
4
2834
3323
14835
1914
14838
14841
3451
3771
1602
1872
823
1863
3834
401
1391
1144
14844
1634
14847
1904
1882
3604
2
2401
14850
2682
1832
1993
1471
3463
1881
2711
1192
2
14853
1253
1244
14857
2224
1563
2502
2591
2084
3964
4033
1014
2182
3024
14860
2593
1144
2811
272
2072
14863
3244
3021
14866
403
3491
2493
374
614
2162
14869
41
534
3474
2683
2773
752
3932
3744
3722
734
1472
2401
2584
1972
1172
1983
3611
612
1871
1891
2502
3243
1052
2871
244
1882
2742
3032
2073
1952
14872
2712
3453
1341
1882
3611
1701
2041
3014
1311
1934
3844
4
2854
1064
1953
3441
1781
241
14875
874
3581
884
3614
3483
2421
2844
2584
801
1213
1692
3274
1891
14878
3681
2404
3842
3994
1783
374
1943
3711
3843
14881
3593
2701
242
1982
2044
961
2403
14884
3762
3882
43
2194
61
14887
14890
3964
2312
2794
1164
2812
1894
2312
2991
2044
14893
2801
14896
2153
1354
1494
2633
1952
14899
762
2162
2001
3554
2132
3304
2581
2932
271
2591
1881
2851
14902
2912
1134
14906
592
2051
1842
3994
2002
14913
2172
2162
14916
892
514
1502
2152
2094
2191
2401
2951
4
3342
1981
14919
2181
3114
2281
512
2344
2152
1252
24
1984
4033
2932
52
1684
2053
784
2023
84
1903
2044
14922
411
1944
2814
2431
1983
2321
4074
1862
14925
764
414
3324
623
2663
944
564
3874
791
1344
3142
2174
212
1161
933
2312
273
572
401
14928
1864
2051
14931
3332
961
1864
2704
3241
314
2502
14934
2583
1231
2041
14937
791
2553
534
194
3991
3634
2602
2151
1283
2773
3564
541
2612
14940
14943
3822
3354
2281
3312
2782
2162
3862
3722
3262
1912
2584
2223
4062
1872
2054
3522
3982
1364
2814
3554
2191
3591
1364
1314
14946
14949
14
14952
2164
3722
2003
14955
3514
14958
474
774
14961
14964
14967
3301
1511
103
3773
2114
14970
1153
2484
2144
14973
2712
24
1871
3344
14976
14979
1553
3091
14982
24
384
14986
64
11
1321
1971
3731
2534
14989
872
2044
3932
3932
14992
2044
1602
2092
3743
183
2632
14996
3521
3224
14999
22
2842
774
2234
1872
2612
1034
231
773
1892
843
1954
3791
3082
3723
1214
2652
15002
24
3344
1642
3242
2162
1864
52
1213
2813
464
353
972
2164
1354
3721
1934
3984
544
3684
3334
2773
2601
543
1221
1872
3081
84
853
1602
171
15005
1281
272
1021
841
3593
15008
2392
883
1034
2854
1331
2721
1134
3341
15012
15015
3503
3961
2782
414
15018
1622
2274
1993
543
1262
15022
1872
2272
534
2782
1331
1872
15025
1851
2842
2162
2654
752
15028
2301
3314
3343
2624
2164
2594
1864
2044
43
3762
1641
3932
1031
2621
2374
2133
404
21
1924
3521
15031
3533
15034
1541
891
15037
1934
15040
2591
2581
1312
752
2654
784
2164
15043
2193
3722
3474
15046
2221
3241
15049
2272
2312
2502
21
3932
3012
1622
2072
2252
384
3284
15052
3622
903
2841
2162
15055
1871
2161
1252
3304
232
764
1944
3243
11
2742
1143
1842
2851
2282
2144
594
2081
2083
15058
513
1681
1944
1924
3311
463
3314
1834
3373
2623
2114
2431
1832
731
3354
3811
1882
2114
15061
3374
2712
1812
4
972
1363
15064
401
2061
401
3224
2282
3982
24
2593
2832
15067
3874
2851
3944
3613
1633
3311
891
4
784
3294
15070
1864
2614
4002
1704
2764
64
1864
2594
2391
1502
2871
521
15073
3743
2154
2614
903
2514
2893
1904
3621
15076
3961
3332
3243
2072
15080
1534
15083
314
3021
2132
3833
221
2231
923
2162
2113
15086
4033
2892
1972
322
2003
312
15089
1851
1354
15092
1932
2222
101
1864
4002
2123
2522
3671
1933
2453
2164
1102
2444
15095
94
531
2812
24
21
2282
3001
3341
1864
1692
3014
1981
3323
4012
3952
1034
1141
314
43
2401
3474
294
15099
15102
41
15105
15109
41
15112
15115
531
1871
1401
3004
2114
2444
3134
3324
2401
1992
3133
15118
15121
24
4
15124
3852
3984
2502
884
3314
15127
1941
3242
2252
2164
314
3104
15130
3722
2162
3634
1001
874
972
15133
2942
2504
15136
2602
15139
2124
2233
15142
2601
924
1031
272
2912
3964
1944
2174
15145
2624
2563
82
464
392
3983
4031
15148
4
1034
722
2624
922
2912
2854
3901
213
2164
3372
3634
2194
1281
3794
64
1862
923
24
12
15151
15154
3611
2511
1873
2883
2053
2003
1741
3842
15157
1891
2594
2462
2132
2814
2412
2054
3384
2614
2851
1784
15160
3882
15163
15166
15169
1902
15172
1502
1024
15175
1254
2231
1092
141
772
362
2081
832
2421
15179
3492
2092
1342
2002
2854
2144
2624
2604
2004
3693
984
3123
1844
2692
3132
2652
1902
1502
1434
2164
2482
722
2581
2151
294
2902
2993
2462
22
474
2713
1974
92
3354
2213
1143
2181
1494
1944
2144
3102
1304
3114
2464
1944
2354
1491
334
2691
3934
574
15182
1304
3454
3844
1192
1193
4031
2282
15185
15188
3201
334
291
15191
322
3102
3301
2601
2
15194
2411
3024
1882
1863
1504
1874
15197
1633
84
3762
853
3762
1564
1034
1331
3894
184
3593
2562
3232
2801
2304
3262
15200
1292
2392
2604
391
3981
1491
2583
3603
1932
1901
15203
2784
294
44
1094
15206
1234
1303
4
15210
2004
15213
15216
2652
832
15219
15222
334
1861
2074
2162
1354
1902
2113
3762
1891
15225
4062
1892
2842
4073
15228
3164
2164
1491
2392
3093
233
3321
1602
1331
1862
3914
2782
1851
2164
3474
2704
15231
2492
3332
3284
3274
52
2312
1944
1254
15234
2282
1331
2152
3124
15237
15240
2951
3021
2282
3481
3453
1871
2591
15244
3444
2602
272
1681
1984
394
1944
3304
3774
2851
1144
3373
15247
3044
2912
15250
2703
3254
3663
1561
1883
972
2682
513
15253
3242
2194
41
984
242
3304
763
15256
15259
2174
784
2153
15262
851
392
272
3363
2213
1531
572
15265
2633
1973
1843
3762
871
1892
2194
1842
1934
2132
3444
15268
1681
3591
734
1021
1541
3091
3733
15271
1964
2861
1843
1891
1864
1
22
3952
2442
15274
2994
742
3103
3163
4
15277
1993
972
3794
4
15281
15284
1364
2284
24
1974
15287
854
15291
2504
3712
2414
2133
872
1932
944
2751
1334
341
414
784
1213
2172
2153
322
2861
3373
204
15294
1034
4014
2603
2392
1904
184
184
2562
15297
4031
2692
2424
3441
2064
2092
2403
2692
3842
2942
1981
394
3952
2612
1131
2923
2613
412
3321
2773
392
242
15300
1894
1494
1874
15303
3164
2191
172
15306
802
283
2913
134
572
2403
2923
4073
2813
272
1481
493
942
3332
3622
2942
3931
1854
15309
1942
15313
1864
1862
1954
2791
15317
3852
3224
2593
1591
2743
2174
1951
2562
2594
3224
2302
1934
912
1891
2462
15320
691
3293
15323
15326
2271
2131
1451
61
2424
1871
12
2191
1721
1472
3254
15329
3631
1312
24
1891
2612
1152
1973
2401
812
2462
3461
1353
2303
1732
2213
1784
2711
3682
4
1311
764
1992
2494
61
3703
1503
15332
2843
422
15335
2864
3344
2214
434
2144
2501
1881
3244
3793
2164
3751
2652
2773
1721
2853
1244
1474
2412
1973
2114
292
4
292
15338
2131
911
1691
3384
271
902
61
15341
15344
15348
15351
2153
2643
15354
3573
1243
2714
1902
2151
15357
2144
15361
15364
1924
2784
1491
3103
3671
2001
2471
832
15367
1092
1312
2793
15370
3781
2034
2832
951
1254
1511
1864
951
2791
3842
1692
281
15374
2282
2401
1252
15377
1161
792
15380
1152
15383
3564
2594
1291
1792
4012
15386
1894
15389
772
354
15392
2503
1932
2793
3882
2842
1491
1932
2703
3303
1871
1872
15395
3521
2562
984
3681
1281
462
964
1292
2251
1961
401
2942
1341
3081
15399
3894
723
2643
401
233
1292
853
2234
2053
15402
1874
884
2392
4052
2594
2811
1314
1331
3384
2671
3722
3262
1052
2072
1904
2654
3243
4
2591
2683
1884
2661
3932
2614
3484
3473
3262
404
2493
1912
234
15405
2282
2671
953
1602
15409
1891
2401
2151
2471
324
1944
3244
2652
2001
2694
1304
2374
2793
514
15412
1832
3781
2044
1812
1622
2072
2312
2152
15415
2991
21
2661
3722
401
2162
3244
15418
412
2154
921
923
2162
2663
15421
2834
1252
3531
1244
2863
1981
404
3243
1153
15424
15427
15430
1681
3314
763
2162
3371
2004
1981
742
1513
2154
2594
1494
2083
2612
624
15433
15436
1751
323
1604
15439
1292
2594
3232
1911
184
513
12
3952
2174
1603
3341
2834
3044
734
2643
3652
41
3663
15442
24
15445
772
821
2601
2742
1684
1784
282
3542
3294
2034
2581
2721
1914
2421
15448
864
1992
2213
3284
3084
1851
734
1933
1234
2212
3874
2421
2892
1334
752
864
1131
2302
3803
15451
15454
1234
2991
15457
314
713
2162
3142
1984
64
23
2102
2234
2171
2154
2061
243
15460
904
754
284
2502
2113
1334
2221
15463
2151
3341
1932
294
13
2012
15466
972
15469
482
1874
1964
2902
1874
1864
4011
2712
1861
1591
314
2704
3634
824
1884
3852
15472
464
24
15475
142
1944
1413
1252
15478
1474
2453
2842
15481
3472
15484
15487
2614
2932
1884
734
2743
1864
1234
774
2304
1144
1164
15490
15493
184
1234
2174
2113
362
15496
15499
2593
2712
15502
2961
1683
1934
2423
2611
2274
1252
2463
3571
2132
15505
1692
15508
2172
2004
1213
3143
2814
2412
15511
2412
1871
15514
15517
1934
1503
2652
2624
823
3852
362
3032
1933
774
1871
1244
1152
2164
15520
3472
14
3634
2742
801
1781
15523
1891
15526
1604
1464
1172
2584
2082
3722
1871
2742
2853
2132
2482
951
1842
1494
3892
1094
2112
3454
1691
1302
2483
2361
15529
3381
2864
1884
2164
1871
2843
2144
2041
2114
3331
851
3091
1982
2083
3064
3434
491
1944
851
1602
1864
2591
2842
2152
15532
853
1333
2704
964
1932
1891
1234
772
412
1084
1164
1924
1832
1331
15535
841
1541
3283
3344
15538
3882
1594
15541
2401
2421
1972
3294
1642
2942
233
2842
3762
1772
3644
2064
2014
13
171
15544
2162
1904
2584
2594
3344
1112
2312
2302
41
3154
2274
3244
15547
2164
1131
1342
3961
2164
2231
941
594
1912
3134
4033
992
3194
3743
2152
1872
2001
1014
2664
1284
3571
2742
3963
12
2462
15550
2274
2873
2884
2473
15553
1843
15556
2602
1561
1892
2114
1681
3251
2703
1882
3611
2054
41
2582
3314
3312
2613
2431
104
1141
2742
3124
1922
761
2624
2854
15559
2414
2232
2853
2762
1234
15562
3362
1862
1191
3453
2594
3622
2614
2392
15565
2672
3164
552
392
1874
41
3824
924
3142
2051
2781
2221
2912
3931
294
2602
3862
15568
2501
1502
723
15572
1934
872
2902
1502
2012
15575
1914
872
2221
3124
4011
2841
2762
231
15578
1211
2174
2163
2913
3874
3762
1631
1962
3341
15581
3833
1413
3154
944
15584
564
2862
1872
274
1873
15587
121
1923
391
3032
3124
2654
1944
2004
464
1252
1593
1892
2593
3224
2282
2802
2001
15590
15593
2862
1994
2654
1152
1141
15596
2751
15599
872
1842
15602
1274
3032
384
3994
2012
3124
21
2132
3242
3314
2842
2304
1194
824
1982
3343
3344
2164
3882
2802
2902
3124
2182
3472
464
1194
912
2462
2582
1594
3842
1784
1224
3554
2412
15605
2403
2742
3722
1784
1871
2401
15608
15611
3314
3862
2034
1093
2374
1832
2044
2423
1571
1962
1474
292
821
15614
1203
15617
1871
15620
2213
722
1821
15625
3773
15628
841
1312
15631
2483
2803
1304
1161
2693
2864
1864
1864
772
1701
3781
2652
3793
1864
15634
2841
15637
3642
3852
1243
2653
3224
2742
2173
2591
2721
15640
723
15644
2791
2802
2003
3901
3242
3821
1874
3331
15647
1491
1602
1653
15650
15653
1092
3162
3101
1891
2304
15656
2811
2213
3244
1874
1962
1634
2601
2793
3723
2392
2304
1792
1964
15659
15663
2751
15666
524
1034
1704
2154
15669
3081
184
15672
1891
2252
15675
15678
3932
2162
1944
2174
15681
624
2304
2391
1001
1602
3984
973
2084
753
942
2594
2654
2294
3101
3262
3741
2411
3484
3472
2782
314
3114
3894
1272
3242
1283
15685
1934
3311
3691
2252
2172
1232
401
2174
3244
1693
3994
15688
2401
3243
3321
3822
391
1962
2642
2623
1994
2503
564
1231
471
3782
2111
2814
3714
15691
1353
1862
1464
3041
3114
2
813
2643
603
1023
15694
3484
15697
1842
2751
1842
3324
15700
2902
784
892
572
2162
3321
2754
2304
1353
2214
2082
15703
2134
2562
4011
2704
892
2012
3703
2344
1944
15706
3734
1954
15709
2164
2053
15712
1141
2593
1993
1933
384
3344
3852
3434
2414
2421
3722
1181
1241
3334
2593
2832
1
1164
814
2462
2534
1721
1311
1252
15716
1311
2
2334
1882
2754
2514
15719
134
1272
2493
15722
4011
1874
572
2594
812
1152
3752
1292
2154
15725
1511
292
2703
2574
322
1851
3254
2034
15728
1824
3771
1871
1944
2181
15731
15734
4073
3314
2493
1861
2794
15737
3762
1634
3093
15740
2334
1334
874
1864
392
3262
2801
412
15743
2632
15746
1932
112
3691
1992
1871
2564
992
2521
2661
3722
312
2582
1912
314
3381
2782
2564
1021
3334
2324
2154
15749
404
3771
3791
3244
2833
3663
101
1933
1874
972
3603
3941
312
15752
2252
3831
2504
1154
2584
3234
3863
1934
3753
1642
2112
1692
3232
1273
15755
1291
3863
3714
2134
1992
2082
2212
2113
2842
2421
594
1234
1934
15758
2112
924
3054
2082
2082
984
184
1893
4052
1284
972
2791
2353
11
1842
464
883
3124
3523
2652
2124
15761
2601
2582
964
15764
2593
1864
1702
3344
3162
2403
1161
1751
722
204
1312
1864
1023
953
1792
15767
15770
1863
2842
2301
2304
1152
1591
2701
773
1944
3012
2133
15773
1684
1252
3882
1871
1891
2412
1724
1184
2132
3631
1992
15776
1784
15779
2034
2742
2404
52
2661
202
284
2404
2854
1902
1153
2034
2654
15782
1304
772
2471
3162
2801
1094
1761
1184
3451
3863
15785
2692
1974
15788
891
3984
724
3934
2621
1021
1302
2703
1974
2674
2072
2851
1501
2861
2431
3542
1973
15791
1131
1832
1882
15794
2114
2182
3954
3862
1523
2841
2582
15797
1523
3691
2822
2334
923
1152
3962
1154
15800
1272
1151
1891
3862
1344
1272
1962
2654
2112
2614
3862
2783
1681
15803
1934
1312
1934
1064
2854
972
1272
1872
3154
3492
2664
2751
1874
3423
2841
15806
2112
2594
823
463
292
2744
2112
2932
2041
3984
872
15809
1272
15812
1994
1864
1954
2853
1864
824
1141
2842
1164
3633
824
1982
184
1933
24
3741
902
2534
1153
2614
2481
812
1871
15815
2601
1792
841
3932
15818
2521
2612
2684
1593
1972
2173
1991
2912
1934
3162
2334
3383
2421
3332
15821
3242
2174
322
344
15824
1272
1613
2841
1272
2912
2591
3454
1274
1891
2811
2841
594
3862
1792
1152
2194
1154
15827
1272
2613
1934
3543
15830
204
2954
603
1273
2603
2074
2164
1531
972
3874
15833
3821
2664
4011
2652
722
2323
1591
3132
3032
3941
1954
214
1951
15836
2813
2054
874
2813
2181
2484
294
3162
1092
292
11
1882
3451
2841
15839
2394
3064
344
1134
1952
41
15842
2334
2583
1603
1864
1612
15845
3972
2621
3512
3371
1864
1251
3952
3471
133
1251
3162
1522
2312
2693
2613
1522
15848
594
3862
15851
1534
1892
1344
3882
15854
2002
2584
2
4
744
1934
1984
2594
2594
1874
622
172
2791
1144
891
2401
2421
1531
2191
2351
2652
2474
1302
324
951
2583
2163
3044
3801
2041
2582
2654
3972
3882
15857
494
1934
1184
2294
2601
1272
3874
2841
2611
512
1531
1144
3162
2053
2664
1933
3162
2471
3054
924
2274
2613
2584
2851
1864
2584
15860
1913
2082
1164
2742
15863
61
2742
752
1983
214
1273
214
1251
2621
1994
3454
1871
1192
2084
2182
1524
1152
1344
2584
1214
2824
2112
1934
2912
463
2601
2762
1004
2754
2583
1054
2841
2114
2593
2582
772
3024
2183
2891
1273
3371
1932
3162
1302
15866
2334
2724
2811
15869
2112
1152
3461
2344
3822
3512
1983
1184
2334
2591
2212
1874
15872
1593
2744
2584
15875
3512
3162
314
2112
2082
2584
15879
2841
3434
1932
2164
3454
3512
2164
0
0
0
0
0
0
0
0
0
0
0
0
0
0
0
0
0
0
0
0
0
0
0
0
0
0
0
0
0
0
0
0
0
0
0
0
0
0
0
0
0
0
0
0
0
0
0
0
0
0
0
0
0
0
0
0
0
0
0
0
0
0
0
0
0
0
0
0
0
0
0
0
0
0
0
0
0
0
0
0
0
0
0
0
0
0
0
0
0
0
0
0
0
0
0
0
0
0
0
0
0
0
0
0
0
0
0
0
0
0
0
0
0
0
0
0
0
0
0
0
0
0
0
0
0
0
0
0
0
0
0
0
0
0
0
0
0
0
0
0
0
0
0
0
0
0
0
0
0
0
0
0
0
0
0
0
0
0
0
0
0
0
0
0
0
0
0
0
0
0
0
0
0
0
0
0
0
0
0
0
0
0
0
0
0
0
0
0
0
0
0
0
0
0
0
0
0
0
0
0
0
0
0
0
0
0
0
0
0
0
0
0
0
0
0
0
0
0
0
0
0
0
0
0
0
0
0
0
0
0
0
0
0
0
0
0
0
0
0
0
0
0
0
0
0
0
0
0
0
0
0
0
0
0
0
0
0
0
0
0
0
0
0
0
0
0
0
0
0
0
0
0
0
0
0
0
0
0
0
0
0
0
0
0
0
0
0
0
0
0
0
0
0
0
0
0
0
0
0
0
0
0
0
0
0
0
0
0
0
0
0
0
0
0
0
0
0
0
0
0
0
0
0
0
0
0
0
0
0
0
0
0
0
0
0
0
0
0
0
0
0
0
0
0
0
0
0
0
0
0
0
0
0
0
0
0
0
0
0
0
0
0
0
0
0
0
0
0
0
0
0
0
0
0
0
0
0
0
0
0
0
0
0
0
0
0
0
0
0
0
0
0
0
0
0
0
0
0
0
0
0
0
0
0
0
0
0
0
1864
15882
15885
15888
1233
15891
1871
322
1994
3242
1974
334
14
2683
1113
2163
1873
1882
454
1493
211
2692
2511
15894
2522
2224
2051
3214
1871
2152
1874
2001
3451
1884
15897
3454
15900
131
3822
1514
1864
3842
2611
3583
1862
1894
2893
1704
3934
1581
1984
3323
4073
861
1934
2611
2881
1953
364
881
3874
454
2361
1683
2751
3323
454
212
2522
15903
992
1864
454
1874
2502
13
1973
1342
15906
3741
15909
2723
3982
744
3634
2222
731
2434
3374
2704
2074
3371
1874
1243
2302
2071
1574
3374
2223
43
1261
2724
1953
1861
15912
3394
1873
94
3822
1262
2611
2601
1314
41
583
2464
1974
1883
1364
1351
3721
2591
3671
1864
3362
3032
564
1884
15915
2161
1234
1974
1863
2601
2053
1494
91
2431
3141
202
15918
2892
2522
1934
2511
1871
54
1943
211
881
3643
1653
64
564
94
1884
3032
3394
2421
2511
15921
2282
2881
2114
2292
2951
3663
833
2891
2442
15924
583
2071
2224
1652
1232
2162
4052
1883
1974
3142
15927
1864
1944
1821
2174
2181
15930
2953
1951
153
2781
3842
463
342
3962
2304
1864
3961
4043
2153
2152
2184
2773
804
1864
1831
2504
804
3
83
3822
3044
312
574
752
3901
973
1101
953
15933
1701
3994
15936
2284
1883
312
4043
1574
3
2713
1444
3634
1474
1944
1852
1652
1851
3982
194
2704
2304
1472
3741
3524
3932
15939
2393
3531
15942
3661
2601
3372
2251
314
1974
2602
2282
2393
1882
2284
2851
224
1244
1873
3634
2223
2712
604
1472
214
3741
1872
434
434
1253
2664
3374
4
3642
3751
1973
1872
2611
12
4061
2721
3232
2602
24
2664
1333
3983
3372
1102
2072
1891
44
1903
2504
2583
3874
774
3634
2602
2232
863
1214
2191
1904
572
1153
2162
1971
1864
1904
1974
91
1862
43
2053
1312
463
2611
3391
1661
2601
2864
3982
2502
15945
3953
3822
2053
3
3284
2583
1974
1294
12
2664
1
2073
3124
3822
2304
1364
3471
2222
2553
3744
3983
1574
2861
1211
2162
1904
3394
3822
15948
2932
2881
1943
824
1712
322
1364
3931
391
3472
3762
2254
2093
1864
15951
1883
43
2601
1832
3372
4
21
1151
1574
1661
1353
2151
3932
2751
1952
314
3
3983
1153
94
2403
15954
54
2872
1862
1872
4074
15957
2
1772
53
3842
3232
4014
3323
1351
3122
2194
961
1112
2013
1131
3141
4072
414
392
1962
1703
2252
4074
3331
2061
3162
3684
2282
2172
892
1134
404
4
2352
2181
1211
171
111
2152
1141
2421
172
1173
2912
2191
2501
551
2932
3523
1453
2124
1112
1903
2912
3991
2912
1951
302
1923
2624
2781
4041
2144
2071
2521
15960
771
2564
1293
3142
2912
2912
934
1073
294
2602
2781
172
1173
2193
3962
1944
1681
2174
781
1351
412
2912
3933
15963
921
2102
1964
1594
15966
2631
3142
3904
2174
2074
741
2181
2233
2783
1033
2912
403
2152
2442
473
271
284
2503
1934
2152
744
4
791
891
2153
1903
2114
2032
2913
1901
2772
1894
1944
1831
2074
2923
2772
2194
791
2321
3723
2174
964
1894
2092
3074
1044
2501
902
1284
1951
923
2912
2591
2074
2393
1864
2602
2181
2131
14
2153
1333
1923
81
1354
1251
2783
111
1281
2801
1582
1663
2772
1283
2071
2074
2772
364
3324
3961
2282
3641
2713
1471
2071
3413
1871
3932
2152
2222
3541
973
3284
942
1031
2611
1864
1472
2722
3984
2074
314
3982
973
1872
2001
3014
4012
2164
2393
294
1952
583
184
3904
3964
1294
2932
1862
1211
2004
3874
2152
454
4043
2632
15969
1861
2151
1873
2051
2044
1934
1244
3253
2194
1983
61
2174
1441
2231
3141
1244
1994
1701
2503
3891
2721
4043
2464
3522
2553
2144
3634
3741
3701
1472
2584
2504
1922
3874
1951
2053
764
1922
1244
1701
2912
1823
2224
1952
3882
1471
2284
1243
1973
922
15972
1842
1944
41
2334
15975
1213
1652
2191
1213
1884
1211
2801
1974
2064
3141
43
181
3874
92
1894
2161
454
1312
1683
2891
834
1582
2712
1894
2704
194
881
3522
1582
3932
3642
1944
3243
3882
2194
3284
15978
1883
773
1974
1872
2604
2712
2692
1041
2503
1031
1362
2881
2522
2431
1871
1994
1582
3664
2224
3531
184
1974
312
1944
2923
1232
742
572
2181
2624
3074
1903
2923
1622
2522
2854
1334
1972
1864
2163
2614
2932
1891
3141
3084
2683
3713
613
1354
3363
2893
61
2853
3084
404
872
2583
1974
1912
1642
344
1932
3963
4074
1871
15981
1402
3842
1033
892
964
2642
3234
15984
3131
1881
43
3221
314
913
15987
1112
15990
1131
92
2782
2312
3843
784
3323
15993
2691
2152
2114
3701
2302
2392
1054
1983
2154
341
3114
1872
1772
3791
3001
2001
2613
3323
13
2583
1034
2584
2504
3843
2642
2943
744
1514
3952
2344
2614
2443
2433
531
2071
2312
3243
15996
1933
3333
1964
311
401
2154
1131
1862
2143
4073
3164
411
1623
2504
1692
2703
2932
2244
3944
1864
2012
2923
4
4
51
2441
2531
2583
3951
3494
1891
1891
1251
2424
1831
1862
913
1891
3711
3
3342
2441
13
4012
4061
2151
1894
2521
2814
3952
2624
4041
192
2404
1334
3642
2061
4
1422
2302
3834
392
13
1183
274
81
2213
374
2312
3341
2733
2621
2773
15999
2502
1503
3964
16002
1924
2782
874
743
2312
2194
2923
1183
943
463
3774
763
2182
16005
1944
1292
294
16008
1864
741
324
1943
2231
1923
16011
81
1262
2421
2781
16014
1984
64
3134
2
1862
16017
2151
2051
584
1893
2392
201
271
52
2611
1244
1351
3213
16020
3741
2912
771
564
2191
2032
2633
1984
1944
1952
2231
1351
3831
16023
16026
3711
1862
2951
1971
133
2594
53
2014
3342
1981
2942
2794
2152
961
1134
1864
1872
863
4
3341
4072
2183
2691
1112
2044
3242
1861
1054
2872
1984
172
2932
572
932
1681
2783
16029
2914
391
1294
802
734
2504
2143
2594
2172
1872
3762
913
3472
3841
1161
784
2494
1944
401
2231
1351
3962
2932
1132
1864
3751
802
2023
2233
1173
1862
2152
2563
1663
3734
4094
3982
1314
1891
51
281
781
1241
3982
2683
1291
944
2632
1891
2721
1353
2843
2151
2224
1951
1934
314
1471
2284
3124
1241
322
1821
3751
2001
2391
2304
1943
3752
874
1
1474
3531
2394
3822
1652
1982
2302
1351
2203
3584
1494
2601
4012
3372
94
16032
2503
184
3804
1033
3413
4072
43
171
2612
764
2181
1
212
1351
2061
2312
1863
3074
2871
2182
2154
272
43
1331
2781
2991
91
2811
3344
1934
1944
2932
212
1923
2152
2442
3751
1161
1902
2171
2522
1863
83
2312
12
2152
2332
3822
2923
1953
2772
752
3831
2393
1211
322
394
1904
3721
1224
2162
1862
94
2511
2522
3821
1934
4
1924
362
334
2932
3321
21
1692
4
1981
4012
1891
1054
1863
142
531
3134
4072
1971
3134
2001
2854
3304
3373
1252
2282
1812
1881
2473
2594
44
584
3032
16035
764
1832
1914
2191
3771
1973
3791
3624
2631
1593
2193
1034
16038
1881
2054
2854
1214
2583
44
3084
16041
3132
764
3032
2862
1134
764
1034
3864
1063
2571
14
82
1652
2714
16044
604
1864
2022
24
1231
734
2232
1234
454
3311
874
1934
2053
2093
2692
3624
1624
1872
1692
454
741
3894
2694
1864
3474
2871
2194
4033
2701
1631
1382
3074
2302
1761
3044
1891
2582
594
1652
2884
2614
3311
1934
3234
1862
4002
1692
2151
1891
1922
2121
1972
4001
901
1351
1622
2092
2414
3274
16047
2503
3323
16050
2854
801
2164
2232
3344
2204
1364
16053
2284
4033
1864
3944
3331
3613
1891
3951
1302
2164
1693
874
3834
1863
3803
16056
3472
272
2514
3843
2172
3994
16059
1864
16062
1102
3154
3141
2403
753
3574
3882
1864
1753
3124
16065
471
344
2593
2124
1851
2092
1994
392
744
1141
16068
1882
3
1692
16071
2813
2204
2444
2921
1334
1134
863
913
14
1862
4052
1881
3803
2044
1934
2594
4072
2164
16074
16077
1141
2991
4012
1884
972
16080
4073
2061
3
41
1363
544
1892
1864
2254
1622
12
64
2191
4074
3144
2613
2144
521
3762
1891
3751
3373
3822
912
64
272
3641
3243
1064
1751
1972
2044
2421
2164
744
1234
3032
2843
1891
3274
1934
753
2502
2092
64
2294
1273
2091
1691
2614
2761
1972
3614
3733
3311
3842
312
3963
3241
2392
1681
2421
1123
324
544
24
284
3343
3842
2613
2194
2872
3954
2252
2692
3701
1531
44
3952
3954
101
2692
1944
4
1893
2162
3441
1934
2404
3803
4073
3701
53
2392
4012
1772
2782
2701
2534
2594
2193
2581
2611
961
2252
2312
932
2912
1862
1351
1333
374
1984
2624
3
16083
2171
764
2304
242
2912
412
1983
754
1681
3124
1351
2312
2393
1333
14
1703
3931
793
3142
1934
16086
271
2931
314
2103
1983
2164
764
454
2143
2912
2154
2181
22
2074
2152
2442
4
2002
2174
1951
572
43
1
1922
2502
1934
2663
2923
2393
1982
2404
2951
922
2173
1561
1871
1952
2422
2074
1872
784
3932
1333
1382
1283
211
1944
2693
993
1932
1974
1243
1362
1122
41
3822
2693
2001
2701
2284
1073
2522
1983
1561
942
2772
2171
2051
2053
1472
3822
1471
3752
794
3822
2712
1131
531
4072
4
2444
2872
1692
2162
3741
221
2791
2401
531
3762
1912
3331
16089
1982
3472
374
2604
2344
3001
12
1404
3701
43
3842
981
392
3131
2531
242
2152
1033
2874
172
1134
2932
1342
12
4072
3752
3393
2421
61
1582
2152
3932
1952
16092
2144
13
3882
221
3284
1882
314
2153
16095
1472
2284
2633
3342
3874
54
3991
16098
741
2204
2151
34
3744
194
3991
16101
2701
1471
484
2711
1243
1
1364
2791
3341
16104
1862
434
1213
1164
924
412
2064
1904
1314
2344
3842
2991
4014
1862
1642
2282
2504
1061
1753
2153
1972
272
2232
734
2213
2152
11
854
1894
1211
964
16107
16110
583
2522
2252
4
3533
2884
2471
1504
14
2304
1941
1144
2274
2393
3024
2924
731
61
2282
1912
16113
91
2163
2521
3262
3744
3722
2154
4
2581
2502
3543
2841
1872
3481
1703
1851
16116
3132
1971
3481
2993
2194
544
3323
3291
271
2884
16119
3641
3304
2804
1853
2281
2834
2284
1133
2981
2071
3032
2612
4072
102
1973
2162
1774
1881
592
2382
2421
2861
3652
16122
1341
3943
1864
2273
2
2061
564
843
1561
1864
1834
1223
2582
2703
1254
3314
1823
1691
3831
1974
2912
1882
2222
2174
403
2054
2002
1681
514
2094
1924
763
3372
3952
2282
2854
2874
1881
2171
2224
3023
2074
3044
2692
761
16125
1922
3782
2624
1252
1103
2851
2912
2283
2382
1883
2612
2003
2623
16128
513
3282
2631
2682
2601
2221
3782
1183
16131
311
3101
16134
1691
1812
3831
2171
2282
592
2581
1953
2772
41
2022
3243
2692
2054
2083
101
1693
1872
3143
592
1944
2794
1821
1881
3782
961
16137
1914
2164
3811
3782
3454
3952
2583
2742
2591
3044
1603
3103
763
3621
1934
2851
2633
3611
2701
3652
3091
3374
1102
2621
2022
1834
1164
2634
3124
2223
1001
1873
883
3132
2241
16140
1414
1341
1863
603
2602
3152
2921
1161
2884
2091
2864
1692
1882
3603
3023
3132
2851
1234
2121
2614
3994
3611
16143
3941
1622
3864
1944
2232
1334
731
2172
1381
1872
2891
1382
2843
1932
3283
2152
3032
2054
3882
1232
1881
3091
272
1064
2034
2854
3991
3152
734
3961
2213
3671
1471
1891
1851
1902
2092
1904
3523
3054
3224
1891
16147
2862
2522
2483
2244
16151
404
2624
3454
3024
3811
1284
2874
2912
2164
3831
592
14
1441
2053
1954
2633
904
184
2114
1832
762
4
2071
1234
3621
2182
2644
2171
2114
422
874
3103
1501
16154
1661
3
2172
961
1922
1214
1623
16157
3372
2172
2853
3994
2152
4011
2133
1974
2071
3762
3882
1232
2072
553
2893
3674
2002
2304
1972
1652
1761
2054
2034
1861
2392
3611
4
1922
16160
2582
2591
344
2112
1904
1972
1692
3953
3962
2893
2534
1234
3994
734
3044
2912
1891
312
2152
4
172
541
2783
3243
3752
3841
3133
3342
1833
53
2161
1334
1963
3311
1862
4074
3964
2943
294
44
2782
11
2232
1891
2114
1414
16163
3164
474
3321
3842
2163
2441
1981
3323
2213
2252
482
11
2084
1872
41
2
1971
2393
16166
1314
4052
393
64
2152
2773
2442
2231
1161
172
194
1033
16169
2912
2102
1312
283
2252
921
2174
16172
294
374
1984
3142
1984
16175
1214
4043
972
4
21
2174
1333
564
3294
2781
2151
2994
2784
1984
1901
1864
1864
201
16178
4
2182
16181
2564
1453
2174
2231
12
1681
1241
2503
3453
2302
2522
2854
1692
2344
931
3083
2893
3373
3941
1771
752
1251
393
1982
2233
362
2912
2152
1342
3664
1622
2522
3982
1064
2502
2151
3091
1972
2874
3991
1363
1842
16184
3311
1891
3132
3084
2892
312
1872
3311
16187
2144
294
331
1223
1692
801
1984
1262
2692
16190
2152
2071
2612
2174
2353
2431
1172
1172
2502
2324
2154
12
1934
2053
2501
82
1033
2923
1952
273
3964
16193
3904
3964
1294
2181
16196
804
1172
4
1862
1041
224
1901
1333
944
2164
924
2173
2394
1853
3882
1872
2031
3531
2502
791
2391
3822
3882
2591
211
194
1582
3882
2613
4052
2593
1882
3882
134
222
3642
942
1882
194
2001
1364
16199
3094
2121
2522
1974
2502
4001
1252
1881
1001
1341
592
1922
2582
1952
2861
2422
16202
1072
1471
2583
942
1234
1864
1904
1894
1894
1164
2203
2162
3012
2093
43
1882
773
2584
1234
1983
16205
742
2172
3652
1864
2881
16208
3142
3332
4032
3882
2604
3091
1034
574
2044
234
2621
184
481
2392
16211
13
3763
2721
1541
172
3801
1934
2621
2691
2834
2084
2584
1621
16214
104
2391
16217
353
2491
4032
2193
1183
3722
1132
961
2582
1244
2683
3243
3221
3262
1754
1133
2691
2312
3412
2162
16220
3133
1874
942
2654
1944
752
2593
3141
314
3744
1852
3722
2162
1331
774
3321
2682
2304
1974
944
24
2782
3244
3044
2671
923
1131
1071
3262
753
2602
3961
992
3541
2072
1264
2233
942
1331
3481
3722
2521
3243
2902
2593
22
2713
1331
2924
2004
3744
2522
2583
41
1221
752
314
2782
16223
2162
3771
2162
1863
2582
503
362
401
2214
1912
2892
3634
24
3722
1851
1984
16226
3024
2191
4
2233
16229
3243
1151
3454
3931
3283
1874
1924
2691
3984
1944
1342
392
2312
1594
4052
2663
3771
1891
3961
2244
2583
2683
1912
3241
3961
2583
2601
983
601
3961
1914
1692
1751
2591
3341
2301
1954
2224
2272
1334
342
2602
16232
16235
3934
1183
2583
2162
1772
24
2511
1263
521
3241
3821
3754
3553
2664
1881
1883
3132
403
2334
1063
2584
2751
2233
2163
3032
784
2562
3373
3294
1133
3663
1163
1864
2633
1863
1193
2801
1103
2281
2164
1834
3951
2583
1812
2221
1692
1001
2164
1892
592
3032
2171
3032
1561
2173
513
2172
2162
1151
16238
1363
3652
41
1001
763
1341
1472
1883
2832
3072
2884
1152
2604
2054
3622
1691
2152
612
972
3621
3931
2751
1
3781
1861
16241
1223
13
1864
2274
3621
1123
2392
742
3132
3304
2861
2493
1884
1884
2892
2632
3321
753
501
2654
1944
2304
584
22
2281
1263
3503
1963
3242
3332
2193
2873
354
391
1692
2184
22
16244
3822
3241
1254
3124
2511
3821
1852
2583
1452
2092
1904
2834
21
3262
2593
1152
1872
1701
942
2841
2694
3304
3541
3032
1161
2724
2584
2174
16247
3821
1864
1892
1854
1701
2744
2591
16250
3952
3561
2
1561
2174
2581
2471
2224
16253
902
2231
3021
16256
3932
1851
3771
2661
2694
3782
3373
2583
1823
1143
2171
1994
2114
2431
1691
743
3522
1501
2623
734
11
2902
3994
2162
101
2421
2131
1974
1652
2421
3082
754
1944
312
2522
3473
1904
804
2614
1234
3944
1891
312
3373
2164
3082
1623
2252
1653
1761
1652
3613
312
3894
16259
334
331
3894
2162
16262
1333
2701
854
1622
1912
2151
2092
364
2421
3793
3822
2403
4052
2394
2991
3952
2012
3324
1044
2613
16265
1891
603
3842
54
16268
16271
2994
3714
3842
2691
2304
3954
16274
723
972
603
2444
1981
3951
1774
2932
1054
3944
2151
3762
1862
1862
1882
2312
16277
2224
44
44
3944
16280
2171
16283
713
3272
1363
3304
16286
1874
2312
4
2531
1894
3822
1642
3001
2932
1653
16289
2171
2884
3373
2281
2583
1903
3943
1253
1823
104
1001
201
2703
2714
54
1882
212
1891
3791
884
1234
3244
3611
1501
3663
16292
762
1244
1932
3472
731
1901
2701
3652
2591
2051
41
1594
1862
2182
783
1751
3831
2743
972
924
2511
1462
2632
2782
2932
1862
54
1871
2344
2294
2612
3323
1861
3803
4052
2154
294
1112
4074
3864
3844
16295
2562
294
3582
2691
1981
2794
3164
2232
2012
1862
2
1414
2374
1141
61
1903
2051
1244
2174
24
2194
212
1141
4064
1994
2312
2912
1862
1934
3141
1294
1214
774
314
2504
3134
3714
16298
24
1704
2671
2171
51
1982
1292
1984
2061
1864
2
1922
2231
2312
2173
2643
2151
3144
1831
212
2392
3
3724
1483
2182
16301
1903
2912
314
1333
2051
1314
1984
564
3474
3044
2114
3984
3242
3944
752
1861
3332
2172
2411
734
3064
1054
2163
2162
3142
2051
2631
3074
2243
1661
2721
16304
2591
1952
574
2693
3882
16307
1872
2692
1951
2582
1073
1574
1342
3822
34
2712
3983
3874
1471
2312
1821
1574
1204
3241
1712
3241
2334
2162
3752
2712
3472
2223
1642
1471
2591
1974
1902
1231
2471
2164
1863
3
2743
1864
1243
1491
2584
2653
821
2481
2611
2163
1304
1092
1832
1891
14
3793
2522
2601
2022
2803
3302
1932
16310
1122
1161
414
2604
1864
554
2301
3823
392
3124
1341
16313
3093
831
184
482
91
16316
2954
1021
4031
2311
3054
1643
2392
314
1964
3801
3961
543
1692
1872
2564
3733
4033
1634
2411
392
1934
1561
1693
1623
3613
2942
3932
2453
753
11
2392
2844
1001
3334
2841
1292
4032
2014
2712
2044
3932
3762
16319
2562
1891
2704
4
2163
2613
2053
4032
1591
1704
2282
2334
3242
2092
1973
2562
1541
2562
2231
1964
3801
16322
1292
412
2591
3344
1021
2564
1034
1891
2392
3543
2194
2604
2044
841
2302
2053
2392
891
3793
2943
3801
2302
16325
564
3332
1783
534
2582
3054
2511
1994
1824
3894
3054
314
2252
3804
2613
404
1
314
1341
2704
2374
1143
3154
2072
184
1324
3524
891
971
2302
1973
3262
1161
3191
204
2591
1934
1553
3591
16328
1281
801
1862
3332
2593
3243
2772
2153
3541
1262
1333
2841
3964
2892
1862
3622
2502
1014
3541
1944
2312
1354
16331
2594
944
992
2191
3064
2233
2282
3241
3392
3964
3262
2521
3484
2672
2163
3553
2661
2282
2144
412
1904
2582
2584
204
2591
2072
3332
3332
3243
61
3132
1772
2583
2721
2691
104
3392
2162
1223
1872
3124
3144
412
16334
944
3311
2951
3311
874
1602
1994
2942
2652
2393
84
1331
2044
412
391
2014
1992
841
3723
3624
1861
3
3242
2153
1021
3241
3733
851
2404
574
3932
3324
2704
233
22
1294
3982
2282
1894
1702
21
3654
3341
2634
3243
993
82
1342
754
4052
924
2661
2522
2724
414
1152
3333
2871
854
1974
2841
3491
3741
2403
4043
1072
2591
2231
2172
401
1851
272
3932
3591
2392
1021
3684
1331
3961
1331
3243
2782
3384
3934
2163
3391
2593
2302
752
2871
3474
3952
2
1103
1843
1594
1231
3373
3044
2743
3453
2092
1982
1131
311
16337
1944
14
2162
2772
2633
1832
1874
3351
1891
3894
2114
3373
3314
3944
1163
2912
2382
2114
3621
3623
2344
963
374
2884
742
1973
3894
2742
1882
3991
271
2082
2864
3791
1561
1732
3652
1761
3454
883
3294
892
2114
16340
2
2054
16343
3534
2164
3072
3613
3653
2044
2194
1244
2854
3453
1622
3444
16346
3843
801
2173
2892
2423
3072
2092
1211
853
1934
1194
1933
2614
1912
1753
2001
2152
2522
2711
11
2892
2683
2421
1333
1894
2074
3374
2213
2151
2164
2994
16349
2583
3032
3472
2601
3291
2004
384
1992
1131
1014
1944
752
1263
1971
953
3243
3773
16352
3484
2162
2092
16355
2991
2252
3243
801
2152
1852
2162
2932
3122
2092
2892
21
2503
3243
2602
1851
2991
4052
272
2654
2152
2391
1354
2811
2612
3241
2854
1874
1963
2421
944
362
1884
3072
1893
16358
2171
2521
3262
2182
2154
3373
2163
3722
3994
16361
2214
2591
3822
2394
2562
614
1131
992
3543
1262
3241
3931
3074
2814
1351
1052
3484
1452
1622
1334
2522
1944
2232
1652
2871
1872
16364
3931
2152
3962
2344
1992
2153
1343
2004
3613
1692
3274
1864
1874
2232
3941
4104
294
3014
3801
3323
392
3952
4
3293
3822
972
3711
2994
2193
43
3842
16367
723
1351
13
1823
16370
2942
3822
1781
1933
531
1413
2182
3472
64
2531
531
4062
1894
41
2282
1992
2991
12
3133
2344
3904
2442
1824
1862
3333
4
14
53
16373
2613
564
3952
2232
4052
513
543
2932
4052
4072
2114
3952
961
2172
2171
2522
1594
3392
1331
3154
1994
2942
2014
41
3982
1971
1021
1894
3842
3
16376
1984
24
2164
1681
401
2004
3874
3754
1922
781
1141
1244
2144
1992
2781
2143
1863
1862
1284
61
2772
111
2282
22
151
1701
14
412
3842
2051
1944
403
2664
1831
2583
3341
531
3243
2171
1842
16379
1132
2781
2704
2693
133
2712
1582
3333
1882
2251
1944
2563
1234
3141
1904
1984
1214
3243
881
2123
2431
2152
2501
2773
2514
3573
914
1474
2044
1881
3882
1152
1244
3362
2401
272
2742
2323
1311
61
2991
2412
1864
1312
1241
3323
1964
2611
2471
3344
294
2053
16382
16385
3101
2404
3301
2072
2401
1253
2652
4031
3381
2703
2602
1904
1304
1093
1821
1343
752
1491
1901
3101
2114
2471
1224
294
3301
2803
1653
3981
1491
2074
3381
1864
914
1304
2074
292
1944
3321
1932
1861
16388
4032
1571
3962
16391
1924
1932
2174
2071
1893
1494
16394
1904
832
2462
1093
3793
3293
3291
2801
1381
1153
1892
2794
2883
362
2144
1391
2114
2704
564
2863
2092
2694
1864
772
1092
1041
1944
2484
2352
2044
3894
3624
1491
3492
2601
3782
2481
1302
2703
2462
322
294
2212
3302
824
3594
951
3693
3102
2593
3681
2164
1292
3091
11
2114
2001
3492
1164
1041
16397
3093
3014
333
2462
16400
3162
3454
101
1852
3773
3681
2691
392
2844
3321
2653
1604
2403
462
2404
3733
853
543
2294
2694
3664
3301
1602
1872
2942
92
2053
1
3932
404
2154
183
2233
763
2304
2602
2054
22
1881
891
1891
2282
851
61
3054
2393
2603
2892
1964
234
2044
3932
2621
16403
1143
3591
3762
3723
4012
2421
1971
1862
3983
3521
16406
3894
1871
184
2842
1964
1044
1872
2951
2073
3114
1153
1571
2114
1954
3492
954
2602
3542
2462
2802
1944
16409
3474
2092
2071
2471
1653
3782
1831
3303
2194
2531
1893
3782
2531
2403
4031
772
2581
2273
1314
16412
1602
3102
1964
1874
1511
414
2942
3982
3723
3982
1894
4011
1602
412
2302
2804
2801
1633
2284
734
1992
561
2854
1152
1304
3762
3083
2634
783
2801
2701
1934
3262
2661
964
3643
4
2691
1874
204
2233
2991
1052
2064
3991
2194
1912
973
241
2162
944
3621
851
3521
1904
1331
92
1594
3241
3254
3484
2582
2663
2884
2252
3142
2841
1904
1894
2691
752
1861
1912
2782
61
3341
2613
3934
1941
1874
2191
3771
2661
1861
2694
2224
2162
2932
12
3811
2161
104
2851
2742
2051
784
2051
12
1944
3994
82
2151
2172
592
1502
3103
2742
604
3533
3304
1251
3953
2604
2282
16415
1001
2743
2164
3603
1864
761
3282
892
2563
2582
731
1934
1882
16418
3373
2832
2833
61
891
104
1984
2791
1872
3102
1903
1864
2044
2954
3254
1952
1872
2462
1244
1624
2092
1642
2173
1872
1602
2942
3931
2164
3081
2591
3054
1331
21
284
412
2132
2014
3932
1331
3064
1992
22
2053
3084
3891
2021
3223
2604
1944
2102
1472
3163
1892
3773
2393
2611
374
1292
2691
2174
3631
2801
2312
1981
3831
2164
1882
16421
3791
2171
3032
1211
314
3103
2783
3993
3243
891
1234
3244
2582
1922
1952
3931
1283
3652
1934
2603
61
16424
762
1244
3931
1253
2473
2833
2583
2171
1501
16427
761
2083
3132
2912
3931
2652
1892
4
2394
2522
2044
3474
1334
1772
1874
16430
1623
734
1231
1891
2751
2522
2844
3394
3091
16435
2334
2092
2424
1874
4033
2421
1113
4001
16438
2002
1994
272
3473
3983
801
2164
1491
2151
2074
2581
3381
2463
294
1314
2411
792
2132
1692
724
2694
1861
1963
2872
2611
4073
913
1951
2503
4
2691
16441
384
13
1052
2232
2012
1692
4051
961
1862
4033
24
3321
1872
2194
294
3574
3003
3701
1112
724
2541
2531
1362
41
772
134
784
2864
1284
294
1864
3822
892
2232
2023
932
3142
2394
754
2152
1294
1143
2471
2633
554
3842
1944
1923
3224
34
2693
134
923
2
3522
2304
1663
1244
1874
1882
3141
2434
3821
1211
21
923
391
524
1164
3243
2704
2853
3961
2773
464
1241
2403
964
1994
2403
3324
624
1241
2034
3573
1731
2421
16444
2164
1244
1193
3881
4012
4014
3334
1153
3194
1244
2153
623
2412
3344
16447
2411
1784
1164
2132
3134
3294
3833
1164
3571
3014
2051
2462
3143
2412
2191
1143
2
942
1781
3344
3014
1311
2304
2742
912
3571
1732
2392
271
2401
2404
2701
3324
2462
3134
1472
1153
2071
4043
2282
1152
2721
1973
3714
12
2351
3681
2
974
3882
2421
1832
1252
3344
1193
2463
2044
3334
2612
374
2401
2514
1253
2583
772
14
2603
1873
3881
3722
1683
4012
3412
2614
3334
1243
2403
582
3143
171
16450
2181
2462
16453
3032
2712
1234
3781
3324
1491
3392
1463
294
1904
1932
2001
3344
1864
2044
2503
2652
1462
2703
3014
1892
2511
81
1302
101
2072
1391
792
1864
2604
1891
2862
4032
3321
1871
3321
3492
3693
1342
1602
1832
723
3334
1984
2531
2074
401
2071
2692
2703
1914
2431
2142
2212
1201
1932
2843
1932
2742
914
1472
3824
2004
1213
61
3722
3882
3014
16456
2611
691
1244
1692
1973
804
2814
2404
1872
874
2152
1891
2864
3634
3371
2133
1331
3982
3344
1774
1864
3242
412
2773
1943
1902
2003
4043
1234
2471
951
1864
1944
2074
1901
2114
3841
2591
1864
1092
1862
16459
3771
1304
232
3244
1944
772
3842
2394
2462
2164
2123
3054
3722
1944
2421
3962
2652
1302
2522
3781
3781
3093
772
3381
2092
1884
2841
722
3082
1864
844
3451
1892
723
3882
2621
14
874
3723
874
4043
1023
4052
16462
3733
2252
3894
2652
2632
3244
1881
322
3243
61
1602
1553
3032
234
61
4033
181
1331
2162
1333
2464
2632
2163
16465
2294
3054
3064
2493
2661
3871
3822
1703
993
2191
1182
2594
3984
3413
1751
2521
2811
2772
2191
2991
61
2664
1031
2162
2154
3744
2563
2612
1254
2162
1052
3374
3771
3341
2593
24
2892
3332
4
2214
3381
3102
2212
2793
3192
2134
983
2312
944
3771
3722
2664
1964
1044
1511
2124
2692
344
3603
2114
2034
1233
3344
772
1872
2581
1864
16468
2044
3542
2594
16471
1904
3361
1982
2704
16474
4011
3841
1974
3082
2113
3994
1963
3334
3162
1944
1092
3243
101
2453
2434
2531
1893
3781
2164
1351
3741
2074
1902
3964
1342
3102
3961
2502
16477
16480
3323
2082
2583
2281
3241
2682
3413
992
2191
754
1912
1601
624
16483
3244
3932
3932
3771
2173
2154
2154
16486
2892
1263
2521
2302
2841
3752
2072
1914
16489
2154
2312
2583
3341
734
24
3494
3934
2534
16492
1163
1894
3241
1871
1981
1922
1001
1881
3962
2594
3032
1984
872
184
1353
2692
1953
1871
2473
1341
11
192
3234
3821
1941
1943
3314
2633
961
3782
594
1341
1254
3044
2172
3303
2693
3374
272
2294
2022
2624
2282
2114
1872
1882
2171
1873
2034
3032
3021
2172
3243
1814
2331
3652
2832
2604
2912
1144
3103
1832
961
1922
3081
4
3634
1491
16495
1164
1732
2722
1944
1241
2193
944
741
1143
3044
2114
1273
892
3242
3822
1622
3373
1064
1972
2522
2232
434
2711
1972
1652
3961
3924
16498
854
752
312
2164
1974
1234
2172
272
4
2044
1354
2872
2614
3431
1151
1761
1232
3982
24
2181
1623
3613
2892
2582
3362
814
2162
82
744
2144
2854
1872
1422
2232
392
3944
314
16501
552
2931
2671
3243
723
3351
2344
52
52
272
2121
1064
2044
3994
1944
1831
2174
1951
1533
964
4041
2912
572
781
1331
3931
1944
1951
2442
942
1954
934
2194
212
1582
1662
2072
101
194
1474
3522
3642
312
1313
3522
2151
2591
2164
1
923
1123
2602
1471
2584
3471
1951
16504
1864
1964
584
1802
572
1923
1842
1134
1891
3443
3284
4031
172
3934
2163
3871
964
2404
3224
2584
2721
16507
1864
1273
2411
2174
1864
774
2624
1872
3902
1164
2802
16510
464
1314
1151
2611
1944
52
2652
1192
3833
3994
1861
403
902
1864
3294
2304
2613
2274
3901
3313
314
1872
774
2411
1151
1964
2281
2743
2802
1944
2304
3214
3822
16513
3354
1231
2694
2182
1702
833
3472
1864
1244
2401
2611
3542
1954
393
3474
2854
3044
2414
3631
3113
2274
2282
774
2722
2412
1893
1074
3842
3641
16517
764
2713
2814
2742
2853
1244
784
3842
2
16520
2744
1721
4074
1474
3874
1252
16523
1872
3882
913
1891
2044
3334
1143
4012
1173
3283
3142
1143
3362
914
4052
3153
1331
3344
1602
1691
3564
1312
1973
1451
2191
1891
2034
1864
1241
3484
3343
3763
3842
16526
4031
1993
3473
384
1954
2883
1872
2114
3101
2174
2162
3344
24
2282
2304
3224
1864
41
2912
384
2712
1243
1591
3311
1304
3791
1194
2274
2654
2612
2602
3722
2591
4012
1153
2274
16529
1312
1351
3574
2164
2424
753
1864
2412
1861
2853
3842
384
3344
392
3944
2304
1892
2613
3224
1861
4052
1312
1721
1781
4012
2704
1904
91
2034
2471
1864
2704
971
294
474
3774
3163
81
1131
3554
11
1874
1092
3781
1842
3474
1494
294
2431
772
1881
723
3301
1831
1343
1152
1224
2803
3044
2114
2113
3961
1874
1462
1161
2174
1891
2434
2444
2462
2334
1642
3032
1031
412
1934
763
1992
3434
3982
12
3801
1681
1982
971
2604
734
2533
2523
2151
3154
3083
503
3301
1924
2014
2072
3952
2053
3982
16532
891
1792
3254
1292
2252
1631
3693
1333
2044
2841
3244
1944
791
3932
414
1643
1031
3733
2
2653
2421
1474
3304
2462
1312
3304
16535
2401
2724
3842
2334
1634
91
1864
2182
953
3842
2162
3982
1472
812
1872
1153
3282
4012
3334
1842
2591
2623
3554
1932
1912
801
2412
1894
3591
2502
2154
2012
2811
2191
3882
921
2223
61
924
1144
2582
412
1872
1602
2712
1234
3932
16538
3012
1863
3981
1891
1792
16541
1971
2534
1891
61
1862
2072
584
3731
3983
584
2601
2453
2841
4043
3232
3232
1281
3762
2284
1553
16544
1944
3961
3624
2691
2612
1262
2193
3914
314
24
1893
3264
2672
24
2152
1884
3392
16547
2231
3491
2163
1854
2704
3983
3553
501
1691
2252
2521
1912
3543
2152
1343
2312
93
1904
1602
2173
2672
2162
2022
2583
2502
992
392
3392
2154
3821
3541
814
2164
1974
1784
4031
1842
831
3224
1253
2072
2193
1912
2081
3453
3542
3944
1252
2801
2224
323
592
584
1441
3032
311
3103
1462
892
2614
1952
1152
3782
3931
2164
3811
1503
3294
2114
2912
1882
1502
1501
1413
3011
2623
184
1134
1832
892
2772
3652
2594
2083
314
2081
2164
2581
16550
1501
3522
2744
3621
2164
972
1881
2841
3731
3964
2442
3373
2304
1832
3991
3332
2893
1244
3254
3244
314
272
272
4073
3762
4
2691
892
1351
3952
3834
2411
2672
51
3004
3762
2994
2531
2181
3944
3142
1944
3244
2181
1952
2252
2522
16553
2154
572
16556
2051
1231
2171
2164
1934
1244
2421
2152
4
2182
2664
2504
2231
4
16559
1983
1984
3991
2184
934
1333
1894
1473
41
2522
2471
2082
2213
924
2344
64
2214
121
1874
2704
871
3124
184
2691
1233
3293
1902
3412
883
1274
544
583
2443
2453
2902
2191
2704
972
572
2581
582
1864
1862
1862
884
1842
752
3244
2712
1951
2853
3154
1882
4
972
2584
1843
2754
2013
883
2274
2873
2272
1864
3032
1994
2481
2403
1864
3314
2743
1863
1691
2233
2961
324
16562
3294
3343
2712
1874
2693
341
884
722
2791
2473
1993
3314
3294
1851
2654
2791
844
184
3902
2872
1963
3024
2704
464
3354
2693
1954
2053
1882
16565
52
1864
1864
1891
2302
574
3241
3902
1082
2613
4011
1594
3314
1591
2114
823
3604
384
2853
3344
2742
1724
1973
1634
2742
3862
764
1244
2612
282
961
2742
1353
2194
2594
3334
1972
2274
2131
1721
1721
2411
1891
1292
112
2182
3631
2624
1901
2412
1253
1871
3842
3031
1873
2421
3722
2401
3463
1691
3304
1153
2114
3344
362
3381
2484
84
1902
3323
1944
3102
974
1862
1893
1391
2163
1044
2124
1932
2643
1871
2794
1932
3964
3204
3384
4053
294
16568
3622
3314
16571
514
103
1893
1962
2
1861
2652
2254
3842
1721
1874
2652
2481
1092
1253
3882
2053
16574
1994
3943
2991
3704
1092
832
564
874
3984
1864
863
2652
1312
52
2053
3824
2304
1602
3591
2164
64
3244
2883
1872
2252
2114
2374
401
464
3514
1914
1141
2164
2281
1892
3344
871
4031
2912
172
1812
2654
1281
2693
1511
11
324
2114
832
2594
2481
2713
1904
2464
3374
2401
3781
1952
772
2
942
1342
2182
2791
2162
3741
2352
4
1932
2652
2611
2473
2803
16577
21
1391
2942
1034
2931
2871
2072
3904
12
2044
1894
1001
3124
2074
16580
2801
16583
2593
2842
272
1164
3934
1341
16586
2614
2074
3472
3521
1891
1891
1952
464
1602
2621
1143
16589
1872
16592
2593
1331
3521
1141
24
1842
1962
553
3952
1021
4034
84
3082
1484
41
614
3163
92
1343
543
1331
82
2251
61
1901
3781
2154
3722
1052
2562
2613
1112
3961
1912
993
992
3242
2274
3331
2282
3243
1761
781
3821
2531
2092
3824
1134
2814
2691
2184
3522
494
1871
1892
1923
2691
3822
3834
2912
16595
3814
201
184
2923
1493
3542
1504
2611
2884
1234
1862
2713
2601
2582
763
3622
2072
3503
2872
412
3344
3722
1052
2591
3102
2583
761
2871
2832
2304
3793
1652
2711
2172
1234
3964
3364
2092
462
1753
801
2961
1934
1832
2421
2282
1882
4072
2981
3842
2441
3164
2344
1874
1981
3242
392
2584
2401
2924
1872
1971
4072
464
1981
2991
3164
2531
961
1112
2344
1364
2012
2182
3251
1962
16598
2562
1112
1073
2602
2152
3932
3522
764
1472
1344
3874
3862
1344
1934
2501
294
924
2692
3721
2334
734
2562
3882
2462
2282
2374
1992
14
3354
3714
2501
2374
272
2562
2
2991
2783
2
2001
3924
2344
2783
134
2113
2163
1311
1842
4011
2012
1871
1861
4072
1984
3332
853
2601
16601
282
3124
2692
1223
1861
1842
3663
2471
1152
2784
16604
2053
2374
1934
2501
16607
1981
3164
764
1292
1274
2394
2613
3762
972
902
2751
3413
2162
3124
1874
2704
3293
534
1241
1954
2624
2282
2003
3214
3242
723
1244
2403
1143
2053
824
3344
1934
723
2791
1954
412
3894
1863
1594
3314
3344
3314
1594
912
272
2153
2624
24
2462
1781
3593
16610
2412
612
3571
3344
1203
3014
2164
3344
1153
2411
3283
2742
3073
1474
1312
2742
1453
3334
2012
3124
4011
3842
2394
1802
2593
2842
2421
3784
3243
972
1331
2194
1882
1923
1902
2704
3331
242
3354
622
2294
3243
2481
2012
4073
1894
912
764
1893
1832
2692
3344
3722
2463
4012
3381
294
2403
2814
2401
434
1873
2163
2521
2
2814
61
3882
2182
812
1872
271
1241
2132
2814
2722
2594
1511
1932
2162
951
2652
1892
341
81
16613
16616
1092
3784
772
2864
3032
362
2471
1862
2794
322
2462
3771
16619
294
2174
362
4
1343
3244
3091
1902
2
2114
3751
3333
2652
821
564
1601
2801
1893
2352
1144
2114
2511
792
3622
1944
3714
2653
2501
1932
2483
2164
16622
912
2231
2652
1084
233
272
16625
184
543
1894
1021
1944
2562
1602
91
3054
1553
3093
3932
2274
1603
3723
3593
1892
2844
2442
184
543
2334
3341
1234
3454
16628
3312
3124
4031
3983
294
1844
2591
1901
412
2172
1631
2144
2304
16631
4014
3243
992
344
2841
3622
1223
4032
61
2274
1894
272
1882
592
3611
404
2114
761
892
3251
344
961
1944
2411
3952
1914
1832
1894
2602
2164
1881
3362
3373
2153
1972
322
1753
3132
2683
1922
3991
2522
801
2162
16634
272
2121
2232
2851
1874
2172
1944
2162
1891
2164
4014
3712
3994
16637
1342
1972
1861
2184
2034
1472
212
22
1701
2182
3842
1874
412
1522
2004
1152
1522
2583
1344
1953
1934
2112
1241
2762
2112
3243
2582
902
3931
1273
16640
3862
2613
3864
1874
2613
2601
2842
3124
1234
2112
1934
3314
3214
1934
1981
764
2501
16643
951
2682
1934
851
723
1981
2601
4
3932
3044
2082
2113
2711
3862
2842
3124
2072
3313
3242
2304
3354
2614
3232
3762
1312
3714
772
3064
2471
294
2483
924
1952
2344
1934
322
1934
2151
722
2841
1874
16646
2682
4011
3124
3413
2591
272
2164
2761
1842
1962
1874
3362
1214
1034
1591
2114
401
2003
272
1864
1152
3314
823
902
3472
493
2284
274
172
3734
2864
1964
16649
2653
3344
3961
1241
3461
2471
1863
1591
2113
1252
3342
4052
1864
1902
2471
2194
2044
3361
2001
1981
2212
723
16652
1932
4052
2562
16655
3244
203
3
41
1164
3163
1691
1591
3961
362
1982
484
2853
362
1884
2652
344
1253
3314
3852
3132
2002
1151
16658
2654
834
412
2184
3162
4
3573
3354
902
1234
3344
1374
3384
1272
1972
2403
1153
274
82
1233
1864
1472
1252
2471
3981
1253
2412
3722
2394
2412
1734
2742
271
3362
1312
16661
914
1472
913
1144
2132
1311
1333
2581
1882
1252
2131
4031
3964
3244
1041
1884
2562
16664
2254
294
3301
16667
3781
772
2692
1571
2004
2114
3492
1944
2113
2411
3862
2462
3331
1602
2564
3114
1892
1864
3244
2751
184
392
1292
1034
3984
851
2793
1553
2061
1863
1312
543
2392
841
2531
2164
294
2611
3521
2602
2393
992
2591
3332
761
2252
1912
2991
3771
3124
3722
16670
154
2591
3554
204
3133
3771
2912
1001
592
963
3611
2514
1922
2643
41
2813
1932
2294
3542
2114
1882
761
1874
3931
2851
1751
2851
1881
2114
1882
1882
592
2171
2181
3134
784
2172
2094
2431
2152
41
2591
3251
1922
731
1932
1701
3831
2001
2514
1922
1001
2153
22
1974
1051
16673
2222
2692
2304
2182
3133
1154
2064
2742
2611
2842
1891
2842
2611
2811
924
1524
752
2841
1201
2601
2162
3862
2584
3124
3862
3232
1934
2112
2421
2334
314
2041
1522
1474
2842
1864
2843
1874
3032
2591
1312
1152
3874
3694
564
2594
3931
2584
1891
971
1522
1962
3524
2483
1934
2082
1934
3704
3961
2682
3882
16676
2612
2374
723
723
123
2
1934
2471
3803
2213
1224
572
1331
1914
872
2162
2594
2191
2603
4011
2132
1082
884
2902
2074
2581
2724
1842
1882
3862
3124
16680
594
2162
3144
1934
1882
1652
1772
2163
1344
2751
1882
3762
3032
1843
3124
1944
2012
3242
3902
1141
464
1702
1084
2601
2404
2652
3343
824
2174
2414
1944
1863
384
1223
392
3474
1872
3932
2912
1152
1864
2174
3852
1864
1604
3631
2742
2133
3571
1252
1203
1181
16683
764
16686
3882
3012
3334
2132
1312
2401
1871
912
281
3391
3344
2782
1691
3093
2814
1872
2282
3314
1224
3344
1891
1244
1784
16689
1092
16692
2691
2484
1302
1881
2462
1892
2462
1864
14
1471
3384
3334
1691
833
2584
1891
1692
1021
1001
3334
2562
1164
4
2421
3081
272
1882
1333
2652
2583
2312
16695
2162
2154
1052
1874
992
2594
3541
2072
2593
3722
2092
1912
3984
2152
13
2072
2004
2281
2583
992
942
2172
1912
412
314
3932
3634
3541
16698
41
16701
2521
2072
2841
2582
1962
2231
2862
2583
1932
2164
2644
2892
24
2442
2644
11
932
2583
3152
16704
292
3432
124
3044
3474
3201
3691
3331
3952
4031
3471
3431
272
2591
1151
2173
2811
1851
344
2602
2182
4031
723
1272
3882
3874
16707
3471
2583
1871
3124
3894
3862
2841
1023
1311
1934
3714
724
2302
2501
294
722
722
2804
2501
3163
1522
1962
2912
2693
1073
2172
1864
2182
1874
2841
2802
1312
2654
3874
1981
722
2374
1964
2521
1312
1934
2374
2302
2003
272
24
1862
872
961
384
1923
2841
2704
1944
3874
2643
1973
2614
3354
2162
1851
3471
16710
2012
1864
2174
3472
3314
172
1472
2411
3103
2113
2274
3344
464
2601
184
3472
1594
1872
3242
1871
3243
16713
2462
2471
2562
1141
3344
1932
1892
1944
3781
1191
772
4
1491
292
294
1302
1302
1201
1511
2481
3762
874
2591
2602
22
184
2392
21
2562
2254
1602
2591
1924
1044
1924
1331
1234
16716
2584
2053
1992
2562
2562
1872
1541
61
2611
1663
233
21
2401
3731
3082
1934
2691
1252
2583
851
3931
1501
2851
1871
2304
3952
3862
16719
484
1153
1184
2652
1932
3973
2334
3432
1932
1932
1962
1934
16722
2182
3242
3784
2182
1932
1963
1244
1184
3842
3454
3244
902
3454
1962
884
1891
2843
2404
3691
3874
1522
3882
3114
3144
2114
2591
2112
1902
2334
2112
2112
1871
2182
2112
1851
2
3844
3331
723
3244
3862
2421
2112
3862
2334
3862
1902
1353
1934
2593
723
3964
3244
1353
3344
2082
1992
1152
2611
1934
2344
3484
3244
722
1934
1184
2751
2191
3124
2864
2902
1871
1772
2331
184
3254
1844
2003
3341
2601
384
4031
1842
2742
1721
1252
2044
1153
2164
3012
2191
3142
3631
902
1741
1233
2164
2191
1873
1491
3903
1871
3381
2591
454
1982
1892
2442
3341
772
2522
1874
3762
3381
3691
2462
2092
1342
1092
1934
3032
1944
4
14
1861
2092
2393
1944
16725
1333
2092
2172
3622
1894
3613
1221
412
724
1932
722
2582
333
2582
2583
1952
3882
1263
1603
3882
1593
3424
3243
3512
1184
3512
3162
2421
1153
2403
1962
1882
2613
3882
4031
3454
2182
3741
2811
1152
1932
1871
3232
1962
724
1874
3234
1522
3941
2271
2841
564
1272
2611
2584
2584
972
322
1934
3862
3964
3862
2112
1934
2584
2214
4
1832
1932
204
3124
2613
2074
2323
1141
3852
3472
3224
3574
4012
2044
3882
271
2181
1311
2492
2814
2401
3492
3571
2462
2692
2044
2164
16728
623
1972
2401
2401
2514
2584
3882
3722
2612
2612
3011
1312
1472
16731
1193
1861
1652
1884
2613
1891
61
392
1871
1001
3084
1863
1922
2334
1893
1983
1894
1934
1603
2583
1593
1982
1272
874
1273
1603
3472
1934
1303
1183
724
1183
3484
3291
3512
3691
2591
3952
2182
1891
24
2693
1272
2304
1522
2304
1272
1962
2912
2404
2721
3862
314
112
564
16734
3862
2082
2082
2751
2754
1143
1141
1933
1702
841
3451
3224
1881
1864
1141
1862
2162
322
2002
3162
2782
1954
3902
1871
2851
1601
3734
2613
2162
314
16737
1613
1983
1983
722
1272
16740
1613
1273
3332
1603
1224
2582
2661
3423
2444
1893
3423
16743
3164
3512
1922
723
3953
2421
21
2593
1864
1294
1891
322
3471
3431
2284
2182
272
1272
2591
1152
2594
464
1273
2813
1502
2194
1874
2902
1962
1902
1842
2162
3874
1882
1243
3142
81
1864
2621
1001
11
3512
2611
2842
3882
1184
3421
1893
16746
723
1542
3454
2584
2374
1934
1934
1331
272
723
2583
1944
2302
1214
3952
1272
2002
1982
2282
82
2584
3882
3882
2164
1934
2334
3952
1851
16749
2871
2811
3691
2172
1522
2112
3862
3852
3674
2912
2912
2351
3332
1603
2334
3882
3471
1891
2511
3874
2164
1462
2082
2003
3454
1851
3512
2471
1932
1932
2584
2164
2031
2224
1614
184
16752
2534
1933
2802
1772
3671
2612
0
0
0
0
0
0
0
0
0
0
0
0
0
0
0
0
0
0
0
0
0
0
0
0
0
0
0
0
0
0
0
0
3
1861
1862
1864
2
2881
1681
2
455
2463
2
1871
1873
2
1514
1513
2
3662
1972
2
802
3054
3
91
92
93
2
174
564
2
2203
2013
2
45
43
3
2122
2124
1123
2
3741
3744
2
2163
2162
3
342
22
1352
2
972
2522
2
1471
1474
2
2291
2294
2
3014
3011
2
1951
1953
2
2151
2152
2
2391
2393
2
803
804
2
3642
3531
2
81
82
2
3522
3524
2
3874
994
2
1943
1944
2
24
1
2
2963
783
2
2154
2153
2
3953
3952
2
3662
3664
3
503
43
41
3
2091
2092
2053
2
153
2243
2
1144
1141
2
403
404
3
784
781
804
2
881
891
2
3
1
2
2174
1031
2
173
172
3
1712
1711
1713
2
222
211
2
1684
1681
2
1903
1901
2
1953
2223
2
602
272
2
22
1244
2
3904
3902
2
1404
1754
2
241
242
2
1364
1362
3
3804
3801
3803
2
2093
2094
2
11
1872
2
1261
2593
3
3574
972
3994
2
1904
425
2
3131
3132
2
873
874
2
44
45
2
472
324
2
1312
1311
2
1572
1561
2
2181
2183
2
2503
2504
2
284
2132
2
3133
3131
2
1234
1232
2
603
272
2
2782
2812
2
994
2014
2
1404
1403
2
464
1864
2
3343
3752
2
2303
3904
4
2872
2874
1582
1584
2
1861
1864
2
2051
2054
2
54
64
2
3074
3072
2
272
214
2
2162
2092
2
2683
3524
2
924
932
2
1582
1761
2
1123
1953
2
215
211
2
854
2054
2
3261
3264
2
1
41
2
2891
2693
2
3781
3681
2
3642
3634
3
1661
1662
1663
2
384
1872
3
741
1951
3234
2
2232
2231
2
1863
3243
2
1971
1972
2
2553
2204
2
3791
3741
2
1283
1281
3
1754
1751
2851
2
1161
101
2
802
2471
2
3803
3824
2
2714
1354
2
1353
1342
2
752
294
2
1943
1952
2
963
962
2
2084
2083
2
2403
3882
2
2053
2164
2
2022
2174
2
1351
3941
2
331
2171
6
194
3152
714
193
191
444
2
2223
2224
2
23
24
2
3801
3804
2
2442
2441
2
4071
4072
2
1882
1871
2
401
404
2
2022
2034
3
3943
3944
3952
3
2991
2951
2051
5
1234
412
414
3124
3125
3
445
441
1922
2
84
362
2
1882
1871
2
584
583
2
1881
1884
2
3243
3241
2
1161
2611
2
2283
43
2
3373
3931
2
2171
1871
3
2323
2321
2324
2
3894
2294
2
2152
764
2
293
294
2
3144
184
2
2643
2642
2
2221
2222
4
773
774
2394
2554
2
2162
1971
2
1333
1334
2
2493
2393
3
222
225
215
2
1
1882
2
1964
1944
2
1922
1924
2
281
271
3
243
242
244
2
764
2152
2
2173
2171
2
2582
2584
2
272
284
2
3261
3264
2
3372
3374
2
2772
3522
3
425
1902
1904
2
1
4
2
3811
3814
2
4052
4051
2
2511
2513
2
344
343
2
2222
1902
2
2724
2721
2
2152
764
2
2073
2071
2
142
2224
2
513
514
3
1493
1502
1494
4
75
71
311
74
2
281
1952
2
1872
1884
2
2724
1351
2
2664
2672
2
3994
3574
2
314
312
2
2162
2164
2
3451
3454
2
94
104
2
2421
3904
2
202
204
2
2704
2854
4
402
153
544
551
3
2581
2274
2584
2
3823
3821
3
161
163
151
4
3164
392
391
265
2
112
1182
2
2531
2193
3
2344
2341
2343
3
1884
2294
2304
2
2403
2401
2
913
2143
2
2932
2923
2
3204
3054
2
2084
3134
2
564
561
2
4012
4014
2
61
65
2
363
1373
2
3834
3841
2
404
3894
2
2663
2671
3
3184
2274
3181
2
2991
3114
2
22
344
2
2441
2443
2
92
81
2
1031
1033
2
2244
2252
2
3701
3723
2
2392
892
2
3242
3244
2
84
82
2
934
932
3
342
1352
1354
2
1703
2873
2
3634
3633
2
2814
2811
2
1224
1221
2
3634
3553
2
2701
3451
2
2582
2584
3
3
1882
1
2
2162
2164
2
3822
3801
2
3481
3381
2
2272
2271
2
1644
1292
2
731
734
2
2292
2231
2
3064
353
2
572
571
2
2394
2391
2
1862
1863
2
392
412
2
2881
2883
2
3744
3752
2
2794
2812
2
3242
3243
2
1851
1854
2
22
64
2
1692
1704
2
3813
3811
2
2833
2263
2
883
884
2
1465
1462
2
3882
3884
2
2174
2171
2
1504
1501
2
395
394
2
731
1944
3
1103
1101
283
2
1911
1914
2
391
395
2
1933
1931
2
3932
3984
2
193
713
2
252
312
2
1872
1871
2
2133
2123
2
2254
2233
2
1534
3673
2
3152
194
3
1342
1334
1351
2
2683
3373
2
2231
2051
3
344
2274
22
4
91
481
94
51
2
1164
1161
3
2232
2252
2302
2
1642
1634
2
3724
3723
3
781
784
792
2
2424
2404
2
3711
3714
2
2282
2172
2
1862
12
2
1582
1772
2
2691
2581
2
2704
2701
2
3164
914
2
2194
1994
2
84
3072
2
1944
1964
2
1694
2932
2
1964
1944
2
473
362
2
1952
1951
2
222
214
2
1241
1342
2
624
294
2
1872
1873
2
974
2534
2
2393
3173
3
1281
271
1292
2
3762
3763
2
2012
2014
2
3201
3301
2
1883
543
2
1974
3874
2
2014
2013
2
1034
1054
2
873
414
2
2881
2884
2
2132
1934
2
2053
2052
2
1934
392
2
1211
2602
2
112
1182
2
2233
2234
2
2302
2281
2
374
364
3
451
721
454
2
1221
1224
2
12
25
2
2181
951
4
1191
1351
1381
1201
2
611
221
2
201
205
2
2223
314
2
75
71
2
961
1001
4
3951
3941
3944
3953
2
314
1974
2
3351
3291
2
1952
1944
2
2183
2184
2
2213
1092
3
2044
2533
2534
2
3244
2164
3
2791
2794
2801
2
1914
2304
2
1561
1563
3
2802
2794
2803
3
422
425
703
3
3782
3774
3781
2
1254
1251
2
843
844
2
3652
3651
2
1684
1681
2
2404
2401
2
2302
2252
2
3962
3964
4
3463
3472
3474
3624
2
101
494
2
2832
2834
2
2581
2584
2
412
874
3
3624
3622
3623
3
2214
3204
3054
2
1882
1891
2
2001
2004
2
51
52
2
1692
1704
2
3714
3711
2
1874
474
2
111
82
3
724
722
723
2
2132
2153
2
101
3091
4
3373
3371
3451
3453
2
2721
1351
2
1942
272
2
2504
2503
2
412
414
2
2092
2001
2
2132
2153
2
1994
1993
2
342
1862
3
312
404
872
2
2181
2171
2
734
1951
2
444
194
2
2193
2073
2
24
13
2
362
474
2
1061
2081
2
1561
3801
2
2114
2564
2
3894
2413
2
3903
3904
2
2861
2863
3
1631
1642
1634
2
3333
3321
2
3684
3681
2
912
914
2
1704
1701
3
404
151
154
2
411
414
2
1551
1554
2
203
201
2
81
91
3
1241
1152
1164
2
1502
1503
2
3932
3934
2
41
44
2
1152
1194
2
4012
2722
2
1223
2601
2
1873
1871
2
374
54
3
314
1974
1971
2
1461
1464
2
543
544
2
544
1884
2
543
541
2
1912
22
2
1203
1204
2
2853
2843
2
1721
1732
2
1882
1871
2
792
781
2
3031
784
2
1881
1891
2
3251
3262
3
402
2414
3894
2
2214
2114
2
81
83
2
2581
2691
2
1601
1511
2
3622
3624
2
222
215
2
3373
3473
2
4043
3993
2
172
171
2
2282
2281
2
3164
914
2
683
1873
2
3373
3374
2
1864
2274
2
1481
2581
3
3012
3014
3011
6
325
781
782
3032
1983
1984
2
761
763
2
3243
3241
2
162
392
2
1333
1331
2
1441
1944
2
962
1982
2
563
564
2
2811
2814
2
2832
2834
2
2591
2594
2
2612
2594
2
3634
3642
2
2693
2694
2
1852
2932
2
691
693
2
4031
4032
2
3392
3384
2
2703
2704
2
2861
2862
2
2403
791
2
2403
791
2
2281
3881
2
551
554
3
231
235
233
2
404
412
2
2804
2801
3
521
384
524
2
181
184
2
1974
1971
2
2254
104
2
92
121
3
2803
2801
3683
2
2252
2254
2
3981
3984
3
3344
3224
3343
2
2304
2301
2
1814
1812
2
2074
2063
2
3012
2053
2
2561
2564
2
1891
1881
2
2534
974
2
2782
2784
2
104
101
2
3503
3961
2
944
754
2
1591
1594
2
853
851
2
2704
2701
2
2923
2753
2
1751
2851
2
2003
2004
2
2403
3882
3
3164
204
914
2
2274
344
2
393
392
2
874
872
2
3364
3274
2
2613
2614
3
2283
2284
2304
2
412
872
2
662
362
3
2233
2053
2234
2
3344
3343
2
1364
2744
2
3164
2114
2
2404
2403
2
504
503
2
1954
1944
2
172
184
2
2674
2664
2
3164
914
2
2051
2053
2
212
272
2
2504
2502
2
1952
1951
2
3944
3994
2
3142
3134
2
4014
4012
2
2403
2392
2
3014
3012
2
3334
3324
2
2584
2581
2
2022
1023
2
232
235
3
953
951
954
2
1941
1944
2
1571
1573
2
2363
2361
2
471
322
2
1093
1091
2
1151
1161
2
2942
2944
2
1214
1232
2
3962
3964
3
2481
2483
2484
2
1881
2184
2
2594
2591
2
1494
1493
2
1304
1302
2
184
723
2
1161
1164
2
864
1902
2
2591
2594
2
3054
22
2
3744
3743
3
1691
1344
1694
2
2582
2584
2
3771
3774
2
2214
2114
2
3652
3451
2
472
1902
2
3522
3524
2
1642
1633
2
2163
2164
2
534
412
2
3371
3373
2
1515
1502
3
731
1944
1952
2
2163
2164
2
1971
1972
3
3051
3874
3274
2
3343
3344
2
3933
3934
2
1943
1944
2
412
392
2
51
52
2
2781
2783
3
295
295
232
3
1882
471
41
2
2234
145
2
792
781
2
3012
3011
2
2191
21
2
3134
3341
2
1252
1244
2
1681
3
2
3674
3682
2
2462
2461
3
133
131
134
2
3084
3081
2
274
271
2
2411
2414
3
2003
2004
3054
2
1144
1184
2
924
2134
2
292
2142
3
454
2394
3874
2
2462
914
2
2602
2603
2
1832
1831
2
3334
3344
2
4014
3594
2
982
2002
2
3984
2164
3
171
172
175
2
1634
1641
2
1871
1883
3
214
215
1952
2
292
294
2
275
272
2
2251
162
2
3751
3754
2
1862
1864
2
2442
2434
2
652
3272
2
3654
3652
2
54
64
2
2
4
2
2184
2034
2
3603
3624
2
321
325
2
2131
2134
2
2282
2302
2
2153
2444
2
2783
2784
2
1173
1172
2
3882
2172
2
2703
2704
2
2751
2754
2
3901
3882
2
954
2163
2
4033
4031
2
3902
2422
2
883
884
2
2802
2794
2
4033
4031
2
1593
1594
2
722
724
2
831
834
2
1241
1244
2
3012
3014
2
1772
1774
2
2411
3304
2
902
812
2
1894
344
2
2773
1702
2
2581
2584
2
2462
2464
2
292
294
2
2614
3962
2
2874
2871
2
3994
4014
2
1311
1312
2
2711
2864
2
1854
1851
2
1862
3244
2
2174
2171
2
3084
2034
2
2633
2683
2
1072
1075
2
554
2304
3
3321
3991
2521
2
1992
1993
2
2254
414
2
2012
2014
2
2841
2844
2
1894
2071
2
2902
2903
2
274
272
2
2582
2692
2
2904
1804
2
1874
1873
2
891
892
2
2463
2464
2
1893
1891
2
1152
1164
2
831
834
2
3091
2044
4
2574
2494
1112
2144
2
1852
1854
2
3774
3771
2
2601
2604
2
4033
4031
2
1944
734
3
272
922
274
2
1944
274
2
3204
3054
2
232
235
2
321
24
2
322
1892
3
3124
3121
3012
2
1891
1881
2
3384
3424
2
2181
2034
2
884
883
2
2643
1143
2
2053
2051
3
552
3472
3962
2
2693
2694
2
2611
2613
2
723
2214
2
2282
2302
2
2394
3874
2
1223
2594
2
2594
2591
2
3962
4012
2
1934
1871
3
2174
2181
2182
2
2414
2412
2
1542
1534
2
2284
1872
2
2704
2703
2
1302
1292
2
3383
3384
2
334
322
2
1932
1891
2
1971
1974
2
3683
3684
2
3891
3894
2
1882
1874
2
2053
2072
2
1843
1842
2
2762
2751
2
273
274
2
1874
1894
2
2394
3874
2
2003
1981
2
24
4
2
3882
3883
2
2414
2411
2
1602
1601
2
1262
1264
2
1962
1963
2
3894
2413
2
1934
1932
2
2402
3882
2
1523
1522
2
3714
3803
2
2394
3874
2
2012
3413
2
3882
2404
2
2721
2871
2
521
1893
2
2003
1983
2
1891
2302
2
274
2334
2
1932
1933
2
1874
1871
2
1094
2114
2
414
872
2
2692
1413
2
3161
3162
2
3862
3863
2
2891
2894
2
2082
1064
2
2403
853
2
3313
3312
2
3882
3324
2
3451
3454
2
2394
3874
2
1273
1274
3
3421
3423
3424
2
822
3074
2
2371
2334
2
2181
1223
2
1661
1893
2
3374
294
2
1482
2783
2
1284
2802
2
2853
1243
2
2534
2044
2
2851
2602
2
2234
2284
2
802
3032
2
2601
2603
2
141
2194
2
1134
1234
2
2522
2401
2
2724
1351
2
1913
1444
2
952
3821
2
3642
3643
2
2721
2724
2
1642
1652
2
1881
2181
2
2893
2881
2
4052
4051
2
531
541
2
3001
3003
2
1903
12
2
2151
2154
2
1941
1943
2
1031
2174
2
3822
2791
2
1561
3801
2
942
944
2
2312
1894
2
4061
3821
2
52
1862
2
4012
3204
2
3133
3134
2
4012
4011
2
2171
2182
2
2152
764
2
3134
3142
2
3324
2173
2
2152
1944
2
3
1
2
2151
2152
2
2661
1312
2
2421
2422
2
1824
2932
2
3831
3841
2
1122
2152
2
1994
1914
2
2854
2864
2
1871
1873
2
393
403
2
2411
2421
2
1642
1653
2
2834
1623
2
2012
192
2
1872
2282
2
3161
454
2
1761
1763
2
942
944
2
3001
2191
2
2
4
2
3701
3704
2
2282
54
2
84
12
2
401
3163
2
913
742
2
1882
1884
2
2602
2712
2
1882
12
2
1872
2282
2
1134
1234
2
1862
1863
2
2463
2464
2
1691
1694
2
2691
2692
2
104
111
2
3101
3533
2
961
971
2
1134
2584
2
513
1353
2
3012
3014
2
1881
322
2
2174
2171
3
322
321
325
3
2274
463
461
2
3882
2862
2
2482
2071
2
1904
1911
2
214
1952
2
3243
3334
2
2951
3321
2
1862
43
2
1141
2642
2
2181
2183
2
281
1951
2
744
2152
2
2152
2483
2
2553
973
2
2582
2584
2
3142
3134
2
2152
271
2
2602
2712
2
1334
1241
2
1863
1861
2
1294
2522
2
1891
1894
2
3331
3341
2
2281
2284
2
314
464
2
2282
3882
2
1211
1214
2
12
24
2
534
1894
2
2191
2171
2
731
604
2
2971
2071
2
2162
953
2
3871
3024
2
1691
1694
2
2072
2071
2
414
2301
2
101
3083
2
531
2284
2
41
52
2
531
554
2
1821
2933
2
2282
2302
2
4072
4074
2
204
1892
2
3044
3132
2
3663
3704
2
412
391
2
2214
2114
2
2282
2281
2
11
12
2
2153
3763
2
3122
3123
2
213
222
2
3492
3381
2
72
104
2
2014
1084
2
2393
891
2
881
891
2
14
24
2
2773
3621
2
81
92
2
2001
2162
2
2054
2051
2
1882
1871
2
604
1944
2
2232
374
2
2742
1391
2
3634
3384
2
3262
3251
2
3932
3961
2
2663
2671
2
2421
801
2
2443
2434
2
3241
3344
2
3183
24
2
3142
342
2
2162
1582
2
233
294
2
1881
111
2
321
325
2
1231
1173
2
2312
2091
2
2471
2483
2
2464
3924
2
2594
2704
2
2534
974
2
1092
2213
2
3683
3693
2
1881
2294
2
1883
2864
2
84
94
2
763
761
2
1914
1892
4
634
461
464
1891
2
2834
2832
2
3902
14
2
2392
2434
2
313
1974
2
3571
3573
2
1334
1342
2
3964
4064
2
2044
2421
2
3773
3781
2
1034
1044
2
1862
21
2
2471
2484
2
951
2521
2
2463
2114
2
2511
2522
2
1934
1892
2
2301
412
2
942
1112
2
3341
3611
2
2301
1894
2
2044
14
2
2893
2884
2
2411
2413
2
2471
932
2
3472
3932
2
3472
3961
3
2403
2404
2391
2
1861
1864
2
3842
3682
2
2051
2061
2
1633
2133
2
2401
2413
2
3984
3981
2
1972
2071
2
3364
3644
2
1892
1891
2
181
172
2
1771
1772
2
3522
2772
2
84
83
2
393
412
2
1
11
2
2304
2283
2
3293
3304
2
1944
2354
2
2392
964
2
841
844
2
1944
2352
2
2423
1023
2
1912
61
2
24
1864
2
2561
2564
2
2804
2801
2
2841
1871
2
2591
2601
2
1962
1923
2
2842
2844
2
3242
3354
2
2773
772
2
2071
2421
2
1304
1302
2
1991
1992
2
1891
1894
2
172
183
2
1891
3313
2
1671
1864
2
1912
1914
2
2091
2092
2
2584
2583
2
722
723
2
2751
2762
2
2471
1952
2
731
1952
2
292
294
2
3324
3344
2
2411
2403
2
2803
2801
2
101
104
2
393
2282
2
1871
41
3
603
604
613
2
314
1974
2
2462
2464
2
1784
1781
2
3114
3331
2
1131
2691
2
1912
24
2
2754
2671
2
1974
2144
2
1183
3423
2
1514
1523
2
1891
1894
2
2392
2421
2
2483
1934
2
3243
3244
2
1183
3432
2
1932
11
2
1252
1912
2
1932
11
2
3124
3313
2
1611
1615
2
1933
1871
2
2082
884
2
1891
1894
2
1184
3424
2
1871
1882
