0
328
337
348
389
398
429
448
506
708
709
781
827
829
854
863
886
888
942
952
958
1093
1256
1263
1425
1431
1436
1448
1464
1469
1476
1490
1494
1508
1510
1514
1516
1568
1575
1644
1706
1726
1732
2197
2287
2332
2336
2337
2347
2563
2564
2567
2696
2704
2818
2822
2828
2829
2832
2844
2845
2846
2856
2885
2888
2889
3330
3599
3603
3618
3643
3644
3647
3650
3665
3698
3781
3785
3807
3812
3813
3815
3823
3826
3848
3867
3869
3903
3910
4016
4045
4046
4265
4277
4299
4441
4490
4495
4498
4519
4521
4589
4598
4610
4638
4639
4640
4643
4652
4664
4766
4767
4990
5001
5093
5100
5122
5171
5180
5188
5201
5246
5264
5265
5291
5354
5543
5547
5566
5678
5685
5731
5889
5903
5906
5977
6091
6092
6143
6241
6256
6278
6286
6291
6347
6419
6420
6684
6804
6811
6831
6834
6856
6887
6936
6945
7007
7014
7070
7074
7078
7083
7203
7213
7218
7221
7282
7301
7305
7311
7328
7334
7384
7412
7438
7439
7468
7476
7478
7484
7501
7518
7688
7698
7712
7816
7847
7894
7900
7990
7991
7993
8051
8052
8074
8088
8091
8092
8123
8190
8249
8269
8279
8286
8294
8297
8298
8328
8330
8360
8368
8378
8403
8405
8456
8465
8467
8468
8539
8551
8711
8718
8805
8816
8831
8835
8837
8856
8891
8911
8956
8993
9031
9157
9185
9187
9199
9200
9219
9221
9429
9433
9442
9443
9451
9457
9458
9527
9562
9585
9588
9703
9734
9839
9840
9867
9869
9872
9876
9905
9934
10007
10033
10058
10096
10268
10318
10326
10369
10386
10414
10437
10439
10596
10651
10652
10689
10692
10698
10818
10832
10839
10843
10904
10906
10916
10920
10921
10922
10924
11024
11027
11028
11036
11038
11042
11060
11062
11066
11069
11092
11113
11121
11122
11141
11157
11159
11163
11181
11182
11264
11274
11276
11337
11389
11422
11442
11489
11510
11525
11536
11537
11538
11550
11554
11561
11565
11619
11640
11665
11668
11722
11733
11740
11742
11743
11759
11783
11849
11926
11966
11972
11974
11975
12001
12074
12075
12077
12168
12198
12202
12203
12204
12206
12214
12298
12301
12305
12319
12333
12336
12435
12437
12517
12518
12560
12589
12599
12648
12653
12788
12793
12821
12825
12836
12841
12843
12928
12932
12935
12948
12951
12959
12960
12965
13060
13082
13084
13099
13204
13243
13248
13251
13254
13285
13289
13466
13472
13477
13492
13494
13513
13518
13614
13615
13620
13645
13656
13683
13694
13696
13699
13718
13719
13720
13730
13759
13762
13766
13856
13907
13942
13943
13944
13980
14007
14225
14261
14271
14274
14336
14337
14385
14392
14400
14408
14722
14765
14769
14794
14800
14807
14808
14836
14842
14846
14936
15097
15142
15291
15294
15308
15312
15327
15353
15358
15359
15363
15375
15420
15455
15465
15472
15473
15475
15482
15507
15512
15528
15537
15544
15547
15636
15643
15660
15722
15727
15728
15730
15750
15752
15760
15785
15815
15864
15872
15936
15961
15977
16021
16029
16036
16052
16079
16086
16088
16091
16115
16129
16132
16135
16154
16160
16169
16170
16172
16186
16188
16202
16215
16219
16236
16238
16268
16303
16307
16339
16341
16349
16351
16357
16361
16362
16370
16403
16409
16421
16422
16443
16446
16450
16452
16459
16460
16466
16483
16487
16488
16530
16531
16532
16555
16583
16589
16596
16600
16601
16603
16635
16662
16664
16665
16669
16673
16682
16704
16708
16710
16712
16739
16754
16776
16777
16791
16794
16805
16819
16821
16823
16829
16832
16842
16863
16873
16879
16901
16905
16945
16952
16953
16996
16999
17007
17029
17037
17058
17078
17079
17115
17118
17119
17145
17156
17168
17192
17205
17228
17251
17253
17272
17292
17300
17315
17341
17348
17360
17384
17425
17435
17507
17524
17536
17539
17604
17633
17638
17652
17685
17704
17722
17735
17741
17761
17777
17779
17781
17787
17789
17790
17791
17792
17809
17814
17864
17866
17922
17925
17983
18002
18003
18006
18011
18041
18045
18049
18050
18053
18090
18140
18166
18176
18184
18187
18189
18192
18193
18194
18195
18196
18197
18204
18214
18229
18233
18245
18251
18253
18260
18301
18302
18306
18307
18354
18355
18356
18358
18359
18418
18438
18451
18456
18470
18477
18480
18481
18499
18504
18505
18513
18528
18584
18593
18595
18597
18653
18676
18720
18727
18758
18759
18773
18816
18887
18923
18978
19048
19061
19063
19076
19078
19088
19091
19120
19123
19124
19153
19161
19177
19179
19180
19196
19262
19266
19267
19269
19270
19291
19303
19348
19398
19403
19452
19463
19477
19483
19523
19533
19560
19591
19592
19618
19633
19682
19685
19686
19698
19701
19708
19712
19713
19717
19719
19720
19721
19732
19755
19756
19805
19817
19837
19855
19857
19870
19897
19898
19906
19938
19955
19979
20007
20009
20010
20011
20013
20037
20047
20065
20068
20081
20088
20089
20128
20141
20215
20223
20235
20250
20251
20258
20261
20263
20265
20268
20272
20276
20309
20310
20314
20315
20374
20377
20381
20422
20423
20448
20450
20467
20475
20476
20478
20480
20483
20500
20505
20506
20566
20602
20654
20657
20662
20687
20691
20697
20724
20729
20731
20753
20755
20760
20763
20775
20779
20788
20790
20792
20793
20794
20813
20855
20864
20885
20949
21007
21023
21025
21030
21043
21061
21094
21099
21101
21109
21114
21126
21127
21128
21137
21139
21142
21145
21149
21150
21152
21167
21170
21182
21193
21220
21223
21259
21270
21276
21280
21300
21313
21314
21322
21325
21355
21371
21384
21393
21397
21398
21408
21412
21414
21440
21450
21460
21497
21498
21499
21500
21507
21510
21538
21540
21565
21599
21665
21670
21671
21675
21686
21700
21710
21785
21807
21822
21853
21871
21880
21882
21930
21945
21958
21973
21978
22009
22040
22043
22065
22082
22117
22123
22144
22163
22165
22274
22280
22289
22297
22304
22330
22338
22350
22358
22467
22468
22495
22496
22497
22505
22541
22550
22553
22556
22571
22680
22720
22729
22730
22732
22746
22788
22795
22796
22818
22826
22866
22872
22874
22876
22877
22878
22879
22880
22896
22942
22954
22957
22958
22959
22966
22990
22995
22997
23004
23048
23100
23103
23120
23126
23172
23174
23276
23277
23284
23291
23378
23380
23385
23386
23389
23392
23408
23442
23458
23473
23476
23477
23480
23481
23482
23485
23488
23505
23513
23521
23524
23543
23592
23594
23604
23627
23669
23681
23692
23697
23725
23737
23766
23767
23768
23772
23773
23774
23776
23778
23779
23784
23786
23800
23871
23933
23946
23992
23999
24003
24012
24013
24134
24138
24139
24154
24157
24160
24161
24162
24178
24212
24215
24217
24241
24242
24255
24257
24258
24262
24281
24282
24294
24312
24321
24324
24331
24333
24335
24337
24515
24522
24530
24531
24534
24535
24536
24537
24538
24572
24575
24613
24673
24690
24715
24730
24786
24788
24791
24793
24794
24801
24991
25167
25239
25242
25244
25333
25352
25393
25395
25396
25428
25536
25575
25579
25587
25599
25670
25690
25695
25732
25741
25742
25746
25854
25863
25864
25868
25869
25880
25911
25914
25916
25938
25941
25949
25951
25953
25956
25957
25983
25984
25996
26002
26008
26022
26117
26118
26121
26123
26140
26145
26152
26163
26166
26268
26271
26295
26307
26323
26359
26362
26365
26366
26372
26373
26378
26385
26387
26393
26394
26426
26433
26455
26462
26465
26468
26469
26470
26473
26478
26481
26513
26520
26521
26522
26526
26554
26558
26559
26560
26571
26591
26593
26594
26597
26600
26606
26609
26619
26625
26627
26636
26637
26647
26687
26693
26700
26730
26736
26743
26781
26783
26822
26825
26844
26850
26867
26869
26870
26875
26887
26889
26890
26927
26929
26942
26994
26997
27005
27007
27011
27034
27035
27046
27053
27156
27157
27180
27209
27216
27278
27297
27319
27327
27339
27350
27357
27374
27379
27387
27391
27394
27399
27411
27460
27484
27511
27523
27531
27551
27554
27555
27641
27660
27664
27666
27671
27688
27694
27730
27731
27784
27822
27823
27861
27873
27925
27935
27944
27949
27961
28014
28021
28022
28023
28027
28032
28057
28064
28089
28094
28099
28114
28138
28142
28143
28146
28148
28151
28152
28155
28214
28217
28230
28231
28250
28251
28252
28253
28254
28255
28267
28270
28272
28277
28318
28320
28321
28327
28386
28390
28406
28516
28525
28526
28527
28547
28600
28651
28658
28674
28676
28690
28691
28692
28693
28694
28705
28706
28707
28708
28709
28714
28766
28768
28770
28775
28793
28813
28829
28830
28831
28835
28837
28839
28843
28848
28862
28866
28873
28901
28905
28934
28935
28937
28948
28949
28964
28978
28980
28982
28987
28990
28993
28994
28996
28998
29001
29022
29024
29035
29041
29042
29043
29089
29091
29251
29275
29355
29360
29362
29365
29377
29405
29430
29435
29451
29454
29455
29464
29470
29471
29472
29509
29512
29548
29585
29607
29609
29610
29612
29614
29717
29747
29748
29749
29774
29776
29777
29863
29864
29867
29884
29899
29900
29912
29914
29915
29925
29947
29948
29987
30030
30031
30044
30054
30055
30056
30087
30090
30092
30095
30107
30108
30121
30189
30191
30207
30213
30216
30218
30233
30291
30293
30295
30300
30302
30303
30305
30317
30318
30319
30325
30332
30333
30334
30340
30345
30406
30408
30448
30473
30476
30489
30520
30531
30532
30534
30647
30651
30658
30662
30667
30670
30678
30683
30697
30698
30699
30706
30712
30717
30718
30720
30721
30868
30870
30890
30897
30903
30939
31020
31039
31044
31049
31102
31107
31264
31345
31402
31442
31522
31553
31555
31556
31561
31565
31589
31597
31598
31603
31605
31608
31609
31622
31656
31674
31731
31732
31734
31735
31737
31739
31744
31752
31771
31789
31795
31797
31858
31861
31862
31868
31874
31888
31912
31928
31941
31942
31955
31968
31974
31982
31993
31996
32002
32024
32035
32057
32062
32149
32150
32151
32155
32180
32181
32182
32187
32201
32208
32210
32215
32216
32218
32236
32243
32245
32248
32253
32256
32262
32274
32278
32280
32281
32282
32283
32287
32302
32307
32308
32331
32357
32358
32360
32361
32373
32374
32377
32385
32388
32389
32390
32391
32392
32394
32395
32397
32420
32421
32430
32444
32559
32568
32589
32593
32621
32622
32642
32643
32670
32672
32679
32683
32692
32694
32698
32703
32707
32709
32711
32748
32760
32795
32805
32815
32832
32849
32867
32870
32880
32881
32889
32893
32911
32916
32933
32960
32976
32981
32987
32989
32998
33010
33011
33013
33020
33026
33042
33043
33070
33073
33083
33106
33122
33123
33129
33141
33158
33174
33184
33193
33205
33212
33227
33232
33233
33248
33250
33263
33293
33317
33403
33422
33428
33436
33438
33440
33441
33442
33518
33526
33527
33535
33583
33622
33637
33641
33645
33670
33682
33686
33690
33698
33702
33712
33724
33735
33747
33751
33754
33777
33797
33800
33807
33811
33812
33814
33827
33842
33858
33968
33995
33999
34001
34003
34031
34051
34056
34126
34129
34132
34153
34314
34323
34327
34328
34341
34391
34392
34409
34424
34425
34426
34429
34430
34431
34434
34435
34449
34458
34464
34479
34532
34536
34621
34641
34656
34657
34659
34663
34664
34687
34695
34698
34722
34723
34724
34725
34726
34738
34740
34789
34808
34864
34867
34884
34887
34889
34893
34895
34896
34897
34898
34899
34909
34910
34915
34922
34979
34981
34985
34990
34994
34998
35008
35010
35074
35076
35081
35084
35085
35086
35107
35119
35121
35123
35124
35149
35287
35302
35303
35304
35313
35316
35319
35338
35348
35351
35364
35371
35374
35394
35396
35432
35468
35486
35499
35509
35512
35542
35555
35589
35603
35606
35613
35614
35634
35683
35700
35719
35720
35723
35726
35731
35736
35740
35763
35766
35783
35791
35796
35797
35809
35815
35821
35826
35828
35832
35866
35872
35888
35913
35926
35928
35932
35954
35955
35958
35960
36002
36006
36007
36010
36016
36025
36061
36063
36070
36073
36074
36156
36157
36159
36161
36163
36167
36220
36223
36225
36226
36227
36228
36235
36242
36243
36244
36245
36247
36250
36251
36253
36273
36276
36281
36282
36283
36284
36347
36349
36385
36386
36389
36395
36412
36440
36444
36445
36446
36457
36460
36465
36509
36517
36606
36611
36620
36621
36622
36627
36671
36698
36733
36797
36798
36822
36860
36913
36914
36922
36923
36929
36931
36934
37025
37059
37066
37083
37117
37118
37122
37123
37147
37158
37178
37185
37187
37193
37243
37244
37246
37254
37267
37402
37447
37697
37723
37724
37760
37825
37826
37849
37896
37953
37958
37960
38005
38010
38032
38046
38051
38055
38074
38095
38127
38174
38178
38179
38180
38190
38191
38192
38222
38265
38275
38282
38292
38357
38360
38361
38363
38372
38387
38389
38440
38446
38519
38523
38527
38530
38542
38543
38548
38552
38575
38576
38615
38616
38644
38646
38652
38662
38665
38668
38670
38671
38673
38674
38687
38910
38912
38915
38941
38943
38963
38965
38967
39010
39027
39032
39067
39081
39091
39100
39106
39107
39118
39140
39141
39144
39149
39153
39167
39179
39180
39185
39187
39191
39228
39237
39259
39302
39304
39382
39408
39424
39425
39426
39445
39447
39450
39452
39455
39457
39464
39473
39478
39480
39481
39482
39489
39494
39540
39570
39589
39594
39615
39626
39641
39643
39644
39678
39755
39757
39759
39787
39794
39848
39850
39905
39908
39933
39934
39936
39937
39948
39952
39967
39970
39975
39976
39981
39996
40081
40084
40090
40099
40105
40107
40110
40113
40128
40131
40132
40139
40145
40148
40150
40158
40176
40204
40205
40258
40357
40366
40375
40380
40389
40392
40414
40432
40456
40500
40503
40585
40589
40608
40614
40648
40650
40715
40723
40734
40741
40742
40760
40761
40775
40776
40829
40927
40958
40978
40988
41002
41006
41007
41034
41035
41045
41055
41072
41077
41078
41089
41127
41131
41142
41148
41149
41156
41157
41192
41200
41208
41210
41214
41225
41231
41234
41235
41239
41245
41249
41250
41272
41281
41284
41298
41300
41322
41333
41337
41338
41339
41352
41399
41417
41420
41438
41440
41463
41467
41469
41480
41519
41521
41528
41542
41565
41697
41698
41713
41715
41722
41724
41725
41729
41731
41771
41778
41781
41796
41797
41806
41825
41846
41859
41871
41974
41979
41995
41996
41997
41998
42001
42004
42005
42015
42023
42030
42037
42038
42051
42075
42083
42101
42125
42128
42129
42131
42148
42153
42154
42188
42248
42307
42308
42309
42320
42327
42348
42383
42405
42406
42422
42491
42513
42516
42519
42522
42524
42525
42530
42532
42537
42576
42588
42618
42688
42689
42691
42695
42705
42711
42712
42717
42739
42766
42804
42810
42812
42813
42825
42831
42842
42851
42856
42862
42863
42869
42919
42920
42926
42933
42964
42976
42981
42982
42983
43058
43062
43079
43109
43145
43146
43147
43150
43169
43171
43174
43178
43204
43205
43216
43221
43223
43227
43237
43291
43293
43294
43295
43298
43302
43303
43306
43353
43357
43359
43361
43363
43365
43367
43375
43407
43414
43426
43427
43429
43431
43447
43450
43453
43454
43456
43493
43497
43513
43519
43521
43522
43523
43524
43539
43542
43545
43546
43551
43552
43554
43591
43596
43611
43616
43621
43626
43649
43664
43666
43670
43671
43686
43716
43722
43730
43731
43732
43733
43742
43759
43769
43795
43833
43861
43864
43868
43873
43875
43876
43916
43935
43939
44057
44067
44180
44198
44202
44224
44230
44241
44279
44316
44326
44327
44330
44334
44356
44359
44377
44379
44450
44452
44455
44471
44472
44473
44474
44503
44525
44531
44568
44595
44667
44668
44687
44699
44700
44706
44748
44749
44760
44767
44813
44816
44886
44909
44916
44931
44956
45004
45008
45016
45020
45038
45043
45048
45050
45056
45057
45091
45097
45116
45118
45156
45165
45213
45228
45230
45258
45260
45261
45266
45276
45283
45295
45310
45315
45316
45359
45381
45385
45392
45396
45399
45401
45467
45468
45477
45478
45484
45486
45497
45498
45503
45514
45523
45524
45553
45555
45564
45578
45585
45586
45650
45654
45655
45656
45657
45662
45670
45672
45678
45679
45690
45691
45692
45696
45700
45748
45789
45798
45799
45825
45865
45898
45902
45904
45905
45906
45907
45915
45922
45923
45924
45941
45946
45950
45952
45953
45954
45956
45997
46015
46017
46020
46080
46111
46124
46134
46136
46139
46143
46146
46148
46151
46156
46161
46169
46170
46181
46185
46188
46189
46191
46193
46197
46220
46237
46241
46243
46249
46251
46252
46283
46290
46360
46375
46379
46403
46428
46431
46442
46446
46476
46481
46502
46506
46514
46527
46541
46589
46605
46609
46624
46656
46657
46666
46676
46697
46706
46735
46739
46740
46754
46763
46787
46841
46845
46850
46851
46854
46859
46865
46870
46871
46876
46882
46883
46896
46904
46905
46923
46928
46943
46945
46949
46980
46984
46985
46986
47000
47021
47030
47083
47090
47093
47095
47098
47108
47109
47128
47167
47171
47182
47184
47195
47210
47213
47219
47222
47262
47266
47274
47277
47298
47302
47306
47312
47328
47336
47339
47343
47387
47388
47389
47411
47424
47425
47428
47429
47430
47433
47434
47435
47436
47438
47455
47482
47486
47775
47781
47794
47795
47808
47810
47818
47835
47840
47853
47857
47860
47862
47867
47870
47873
47878
47879
47904
47905
47906
47907
47908
47912
47915
47988
48003
48005
48038
48039
48042
48046
48049
48053
48096
48296
48299
48309
48311
48327
48329
48392
48402
48439
48446
48458
48459
48470
48492
48512
48524
48538
48540
48561
48564
48616
48631
48680
48683
48685
48711
48716
48727
48728
48729
48734
48738
48751
48828
48836
48898
48933
48940
48966
48972
48980
48984
48985
48986
49025
49027
49030
49031
49037
49049
49054
49059
49064
49066
49081
49085
49088
49092
49094
49098
49099
49115
49116
49122
49123
49130
49134
49136
49138
49140
49144
49214
49219
49220
49255
49261
49263
49270
49278
49281
49290
49292
49293
49300
49301
49334
49335
49336
49337
49398
49401
49408
49409
49413
49418
49425
49427
49428
49445
49476
49487
49488
49489
49516
49535
49541
49566
49591
49594
49595
49604
49608
49620
49623
49638
49650
49655
49656
49674
49679
49693
49709
49711
49722
49726
49750
49770
49806
49841
49854
49864
49873
49903
49953
49966
49967
49969
49973
49974
50010
50028
50033
50034
50035
50042
50046
50048
50053
50054
50090
50105
50187
50188
50189
50224
50276
50277
50288
50297
50316
50321
50326
50330
50333
50338
50345
50348
50349
50350
50354
50359
50559
50567
50590
50635
50640
50650
50657
50661
50694
50695
50716
50717
50718
50723
50728
50742
50782
50821
50831
50832
50886
50893
50901
50955
50960
50961
50962
50987
50988
51019
51023
51025
51029
51126
51129
51224
51273
51280
51292
51303
51389
51398
51438
51452
51484
51494
51495
51497
51508
51511
51516
51523
51524
51545
51561
51562
51579
51582
51583
51588
51589
51591
51593
51594
51596
51599
51602
51603
51611
51616
51622
51626
51627
51628
51642
51701
51718
51737
51739
51751
51752
51761
51781
51787
51788
51792
51793
51794
51795
51823
51831
51838
51850
51853
51857
51858
51860
51864
51866
51868
51870
51873
51896
51903
51906
51910
51915
51918
51975
51999
52057
52074
52137
52169
52239
52257
52275
52279
52293
52300
52301
52305
52307
52311
52319
52320
52323
52326
52330
52331
52335
52339
52350
52354
52380
52382
52400
52405
52417
52424
52440
52464
52507
52515
52519
52558
52561
52755
52808
52809
52812
52823
52841
52842
52843
52844
52916
52918
52936
52950
52956
52958
52962
53000
53009
53028
53041
53042
53043
53051
53055
53057
53062
53063
53064
53065
53079
53094
53113
53120
53121
53123
53132
53135
53136
53155
53162
53177
53190
53197
53213
53215
53219
53227
53235
53283
53318
53342
53356
53366
53373
53384
53385
53390
53401
53463
53486
53514
53533
53586
53588
53590
53595
53598
53603
53613
53614
53615
53620
53626
53628
53629
53641
53648
53651
53652
53653
53659
53661
53674
53675
53676
53677
53678
53682
53761
53767
53771
53774
53775
53787
53789
53790
53791
53796
53797
53798
53810
53811
53813
53816
53817
53837
53839
53841
53842
53847
53849
53851
53852
53868
53894
53912
53920
53926
53929
53931
53934
53946
53948
53949
53950
53955
53990
54087
54093
54098
54108
54112
54114
54124
54125
54130
54134
54136
54186
54187
54190
54191
54193
54194
54203
54295
54302
54313
54328
54332
54334
54351
54360
54384
54389
54445
54448
54484
54551
54560
54569
54571
54572
54597
54608
54618
54622
54664
54671
54690
54692
54727
54738
54740
54741
54746
54824
54827
54830
54831
54833
54855
54864
54869
54870
54873
54887
54892
54893
54894
54895
54902
54905
54927
54928
54929
54931
54933
54940
54945
54950
54970
54972
54973
54974
54977
54978
54980
54985
55049
55050
55123
55139
55140
55142
55145
55146
55228
55230
55234
55255
55294
55338
55343
55356
55358
55359
55373
55392
55399
55410
55413
55415
55418
55422
55423
65535
55426
55428
55429
55430
55453
55486
55492
55495
55497
55499
55500
55501
55503
55518
55534
55570
55614
55616
55623
55624
55625
55642
55647
55663
55664
55665
55667
55745
55801
55851
55896
55901
55927
55943
55979
55985
55998
56005
56124
56134
56137
56146
56157
56159
56160
56169
56175
56178
56182
56183
56191
56192
56193
56195
56197
56226
56233
56253
56255
56261
56262
56263
56274
56275
56276
56278
56283
56292
56323
56329
56336
56342
56347
56348
56378
56561
56564
56593
56596
56601
56606
56658
56674
56688
56689
56700
56711
56717
56719
56740
56747
56752
56755
56767
56768
56775
56776
56790
56830
56845
56859
56860
56862
56863
56866
56869
56874
56885
56901
56906
56907
56908
56910
56912
56932
56933
56936
56948
56949
56951
56952
56958
56959
56967
56972
57004
57006
57012
57015
57019
57025
57028
57029
57033
57057
57093
57112
57114
57122
57133
57147
57149
57150
57151
57172
57178
57197
57199
57212
57213
57220
57222
57232
57233
57236
57237
57241
57249
57250
57276
57296
57303
57381
57384
57390
57391
57405
57489
57498
57502
57503
57504
57508
57518
57519
57520
57524
57525
57534
57538
57547
57554
57556
57558
57561
57565
57589
57599
57601
57604
57631
57633
57650
57659
57669
57688
57708
57724
57729
57746
57748
57753
57754
57758
57761
57781
57783
57804
57806
57828
57829
57832
57841
57848
57850
57853
57880
57886
57897
57900
57901
57903
57907
57912
57914
57942
57943
57946
57947
57948
57949
57953
57988
57989
57991
58036
58061
58062
58079
58081
58083
58091
58093
58121
58141
58182
58244
58256
58268
58274
58288
58299
58301
58303
58327
58328
58331
58333
58336
58372
58382
58383
58388
58401
58405
58413
58423
58427
58431
58440
58443
58445
58455
58457
58462
58468
58476
58482
58483
58489
58517
58521
58522
58533
58534
58535
58573
58613
58617
58623
58629
58658
58687
58691
58714
58726
58738
58740
58742
58788
58810
58839
58880
58882
58895
58905
58926
58982
58989
58992
58999
59031
59037
59038
59039
59040
59044
59045
59046
59048
59152
59157
59161
59173
59177
59179
59216
59247
59252
59279
59288
59303
59308
59327
59336
59338
59367
59370
59372
59374
59384
59395
59398
59399
59421
59454
59465
59483
59487
59499
59501
59502
59504
59506
59507
59587
59607
59611
59649
59651
59652
59653
59655
59671
59701
59703
59713
59718
59748
59774
59775
59777
59783
59804
59808
59811
59814
59822
59827
59828
59832
59833
59839
59844
59848
59851
59852
59854
59855
59868
59883
59926
59932
59933
59934
59940
59944
59985
59996
60036
60038
60048
60085
60168
60171
60176
60197
60202
60203
60204
60238
60241
60247
60263
60271
60279
60289
60294
60336
60341
60361
60362
60445
60450
60457
60529
60530
60533
60547
60564
60585
60586
60587
60589
60604
60605
60606
60611
60637
60650
60651
60656
60732
60773
60795
60798
60799
60806
60823
60824
60825
60828
60829
60838
60846
60854
60855
60856
60860
60866
60870
60891
60892
60901
60902
60903
60909
60917
60974
60978
60981
60983
60986
60988
60992
60999
61001
61003
61005
61011
61021
61041
61043
61069
61070
61104
61141
61143
61156
61163
61175
61190
61191
61192
61197
61198
61202
61223
61232
61241
61254
61256
61257
61264
61266
61272
61275
61282
61283
61297
61306
61312
61314
61316
61347
61351
61355
61362
61363
61364
61393
61398
61408
61411
61413
61414
61415
61425
61430
61433
61434
61456
61457
61462
61491
61521
61556
61563
61571
61572
61573
61576
61577
61581
61609
61619
61627
61632
61680
61691
61735
61764
61801
61826
61840
61851
61852
61853
61856
61882
61883
61891
61893
61902
61905
61912
61916
61921
61923
61925
61938
61940
61941
61944
61971
61976
61984
62004
62026
62032
62046
62056
62073
62076
62090
62097
62125
62131
62144
62165
62171
62178
62180
62183
62186
62213
62221
62268
62283
62305
62350
62355
62367
62373
62374
62376
62383
62428
62432
62457
62472
62477
62478
62536
62538
62539
62541
62565
62577
62578
62582
62587
62595
62596
62603
62615
62618
62627
62634
62641
62670
62672
62685
62693
62695
62707
62722
62726
62729
62731
62732
62733
62734
62773
62786
62869
62873
62876
62878
62898
62899
62903
62904
62905
62906
62908
62910
62915
62916
62919
62922
62934
62940
62944
62946
62956
62995
63013
63015
63017
63019
63024
63029
63032
63049
63053
63059
63064
63070
63072
63081
63083
63095
63109
63110
63127
63135
63185
63200
63207
63213
63220
63229
63237
63238
63240
63241
63253
63261
63270
63273
63275
63279
63285
63292
63342
63354
63375
63381
63403
63404
63406
63407
63409
63416
63433
63435
63440
63442
63443
63448
63458
63485
63489
63490
63498
63506
63515
63535
63539
63540
63550
63553
63563
63569
63570
63588
63596
63597
63598
63599
63602
63610
63611
63616
63620
63623
63626
63630
63633
63634
63667
63693
63698
63736
63744
63747
63748
63752
63753
63756
63787
63791
63796
63829
63845
63870
63873
63877
63976
63979
64010
64014
64016
64019
64022
64025
64036
64062
64076
64095
64106
64120
64127
64154
64180
64225
64239
64260
64261
64263
64264
64271
64272
64279
64283
64297
64320
64325
64329
64332
64334
64340
64345
64346
64349
64355
64356
64393
64395
64396
64397
64423
64458
64461
64478
64493
64507
64515
64517
64520
64532
64549
64559
64565
64576
64578
64606
64631
64632
64639
64648
64661
64664
64674
64675
64676
64682
64685
64700
64703
64704
64739
64750
64768
64774
64793
64796
64799
64800
64801
64805
64862
64876
64877
64931
64938
64957
64959
64967
64975
64992
64995
64997
64999
65019
65022
65043
65046
65048
65050
65065
65068
65079
65081
65084
65087
65096
65131
65148
65159
65168
65169
65171
65173
65175
65176
65198
65200
65201
65205
65206
65207
65210
65215
65219
65221
65226
65244
65245
65247
65249
65254
65255
65256
65269
65277
65280
65282
65302
65303
65304
65392
65396
65423
65424
65433
65450
65452
65453
65457
65463
65467
65472
65477
16
28
43
57
59
63
79
83
94
101
136
143
151
174
175
213
216
227
229
230
233
234
235
243
246
252
311
319
370
376
379
398
410
411
414
504
505
506
537
539
540
544
549
576
581
592
593
601
631
634
636
637
639
640
648
655
660
693
727
752
754
758
768
769
780
781
854
855
856
857
858
861
865
867
868
871
874
875
881
885
890
898
901
906
945
957
960
961
966
1010
1019
1023
1024
1025
1037
1038
1040
1051
1064
1065
1073
1079
1080
1085
1105
1107
1109
1114
1120
1149
1152
1154
1155
1161
1166
1168
1173
1177
1178
1179
1187
1193
1198
1199
1245
1246
1251
1254
1258
1259
1261
1276
1287
1292
1304
1310
1311
1314
1318
1325
1334
1354
1362
1369
1382
1386
1390
1393
1475
1476
1479
1481
1486
1491
1517
1520
1530
1535
1544
1546
1548
1552
1556
1562
1563
1564
1568
1569
1580
1594
1599
1601
1603
1605
1607
1608
1616
1623
1660
1661
1675
1704
1715
1718
1766
1779
1796
1865
1866
1879
1882
1887
1903
1905
1927
1947
1979
1995
2010
2013
2023
2046
2047
2048
2050
2052
2057
2060
2100
2119
2138
2141
2152
2154
2163
2168
2171
2174
2218
2224
2225
2232
2242
2251
2254
2322
2338
2344
2360
2369
2371
2374
2376
2377
2386
2397
2402
2404
2406
2407
2410
2413
2417
2419
2421
2422
2436
2437
2442
2473
2477
2539
2557
2597
2604
2605
2630
2634
2638
2639
2642
2643
2655
2656
2658
2714
2715
2716
2720
2723
2725
2731
2733
2734
2735
2740
2741
2742
2762
2777
2782
2834
2838
2847
2851
2852
2887
2898
2900
2923
2925
2945
2948
2970
2983
2991
2997
2998
3006
3009
3013
3016
3025
3033
3035
3079
3081
3085
3087
3088
3089
3090
3091
3092
3093
3094
3098
3101
3106
3122
3124
3128
3130
3148
3151
3154
3158
3161
3162
3175
3176
3177
3180
3228
3230
3233
3235
3244
3245
3247
3249
3254
3266
3269
3286
3287
3321
3323
3325
3327
3337
3341
3349
3352
3354
3355
3360
3368
3378
3387
3395
3399
3401
3404
3409
3410
3434
3436
3437
3441
3444
3445
3448
3451
3452
3455
3458
3466
3467
3476
3478
3479
3504
3510
3511
3514
3516
3524
3544
3630
3659
3661
3690
3692
3694
3695
3696
3697
3698
3704
3706
3712
3714
3764
3771
3845
3855
3859
3861
3865
3872
3876
3882
3906
3926
3930
3986
4029
4045
4060
4098
4099
4101
4107
4109
4111
4112
4113
4114
4115
4131
4132
4134
4139
4142
4143
4146
4152
4173
4174
4177
4183
4187
4194
4195
4196
4198
4205
4206
4221
4268
4272
4278
4299
4306
4307
4321
4324
4325
4331
4347
4362
4367
4369
4383
4385
4386
4390
4393
4397
4407
4410
4411
4416
4448
4453
4492
4504
4506
4516
4517
4518
4522
4542
4548
4552
4553
4558
4562
4563
4575
4578
4587
4588
4599
4600
4601
4602
4618
4619
4626
4628
4629
4677
4681
4685
4696
4706
4713
4729
4731
4733
4738
4741
4748
4777
4779
4782
4784
4806
4812
4815
4834
4893
4898
4901
4909
4914
4925
4936
4938
4944
4945
4949
4954
4955
4956
4961
4981
4991
4996
5001
5039
5040
5042
5092
5093
5096
5099
5100
5107
5109
5111
5112
5113
5119
5120
5184
5189
5196
5200
5215
5218
5220
5222
5225
5227
5228
5229
5230
5232
5254
5259
5260
5268
5271
5272
5275
5279
5282
5288
5289
5290
5337
5340
5349
5351
5358
5360
5363
5367
5370
5373
5374
5417
5430
5446
5449
5462
5465
5477
5478
5479
5481
5491
5545
5575
5577
5579
5580
5650
5676
5686
5703
5707
5716
5723
5724
5725
5732
5734
5743
5756
5763
5785
5789
5790
5791
5806
5810
5815
5847
5856
5858
5861
5864
5867
5868
5869
5874
5988
5990
5991
5993
5997
6035
6043
6047
6060
6061
6080
6083
6087
6107
6109
6110
6111
6115
6129
6138
6149
6151
6160
6207
6264
6360
6371
6420
6421
6425
6427
6444
6445
6457
6468
6487
6490
6491
6492
6493
6497
6499
6500
6502
6524
6525
6527
6551
6561
6562
6566
6568
6572
6574
6575
6576
6577
6591
6592
6595
6597
6599
6600
6603
6621
6625
6626
6634
6641
6645
6654
6686
6698
6704
6721
6723
6742
6747
6751
6752
6753
6754
6759
6764
6765
6767
6772
6776
6777
6795
6797
6798
6802
6817
6818
6819
6830
6832
6833
6839
6843
6860
6866
6876
6879
6880
6900
6904
6910
6915
6932
6939
6943
6954
6958
6959
6970
6986
7023
7038
7041
7046
7051
7063
7069
7100
7101
7109
7118
7177
7178
7184
7190
7192
7198
7202
7203
7208
7211
7212
7216
7223
7241
7267
7268
7270
7281
7282
7283
7295
7306
7307
7313
7314
7315
7316
7320
7321
7323
7330
7355
7384
7387
7390
7391
7409
7412
7416
7417
7424
7425
7427
7430
7433
7434
7436
7442
7447
7449
7513
7520
7581
7583
7589
7592
7597
7606
7618
7623
7642
7644
7646
7647
7648
7661
7665
7667
7669
7671
7674
7677
7678
7684
7686
7691
7693
7701
7702
7704
7726
7727
7730
7732
7772
7777
7779
7782
7783
7788
7823
7825
7850
7853
7861
7876
7884
7885
7886
7887
7888
7891
7892
7905
7928
7929
7931
7935
7965
7966
7969
7972
7974
7994
8018
8038
8040
8042
8044
8047
8049
8073
8076
8080
8085
8086
8094
8101
8105
8107
8109
8127
8133
8168
8176
8179
8185
8187
8200
8231
8255
8260
8332
8353
8354
8355
8361
8365
8366
8370
8371
8372
8373
8394
8408
8409
8412
8418
8420
8457
8464
8475
8477
8479
8493
8500
8501
8502
8503
8521
8540
8581
8583
8585
8586
8587
8591
8592
8593
8594
8597
8599
8613
8618
8622
8626
8645
8656
8657
8658
8666
8673
8674
8679
8697
8712
8717
8718
8719
8726
8727
8728
8744
8756
8760
8761
8778
8781
8785
8797
8799
8818
8822
8823
8825
8827
8879
8882
8887
8890
8901
8904
8919
8935
8940
8944
8947
9071
9073
9074
9076
9080
9090
9101
9105
9135
9151
9190
9191
9193
9215
9217
9221
9228
9229
9245
9247
9248
9253
9260
9269
9272
9273
9278
9288
9290
9293
9294
9295
9298
9299
9301
9305
9310
9313
9316
9317
9336
9342
9350
9379
9407
9420
9426
9427
9428
9441
9443
9445
9446
9455
9456
9462
9516
9518
9523
9535
9536
9567
9575
9576
9578
9583
9584
9585
9605
9618
9625
9626
9628
9633
9635
9648
9650
9675
9681
9688
9693
9696
9698
9700
9702
9704
9706
9708
9709
9710
9711
9712
9719
9732
9733
9738
9752
9760
9761
9762
9780
9783
9784
9785
9790
9814
9815
9816
9820
9824
9827
9902
9903
9905
9908
9911
9912
9913
9967
9970
10029
10041
10059
10060
10137
10139
10141
10155
10156
10157
10161
10164
10169
10171
10177
10179
10185
10188
10190
10196
10204
10218
10223
10226
10241
10246
10249
10264
10267
10277
10278
10279
10325
10327
10328
10331
10336
10340
10343
10344
10354
10357
10366
10400
10402
10404
10406
10412
10413
10418
10423
10425
10437
10503
10507
10511
10520
10521
10524
10527
10528
10531
10534
10537
10541
10561
10562
10563
10568
10569
10575
10579
10580
10581
10613
10616
10620
10623
10625
10627
10641
10656
10659
10663
10668
10680
10683
10688
65535
65535
65535
65535
65535
65535
65535
65535
65535
65535
65535
65535
65535
65535
65535
65535
65535
65535
65535
65535
65535
65535
65535
65535
65535
65535
65535
65535
65535
65535
65535
65535
65535
65535
65535
65535
65535
65535
65535
65535
65535
65535
65535
65535
65535
65535
65535
65535
65535
65535
65535
65535
65535
65535
65535
65535
65535
65535
65535
65535
65535
65535
65535
65535
65535
65535
65535
65535
65535
65535
65535
65535
65535
65535
65535
65535
65535
65535
65535
65535
65535
65535
65535
65535
65535
65535
65535
65535
65535
65535
65535
65535
65535
65535
65535
65535
65535
65535
65535
65535
65535
65535
65535
65535
65535
65535
65535
65535
65535
65535
65535
65535
65535
65535
65535
65535
65535
65535
65535
65535
65535
65535
65535
65535
65535
65535
65535
65535
65535
65535
65535
65535
65535
65535
65535
65535
65535
65535
65535
65535
65535
65535
65535
65535
65535
65535
65535
65535
65535
65535
65535
65535
65535
65535
65535
65535
65535
65535
65535
10690
65535
65535
65535
65535
65535
65535
65535
65535
65535
65535
65535
65535
65535
65535
65535
65535
65535
65535
65535
65535
65535
65535
65535
65535
65535
65535
65535
65535
65535
65535
65535
65535
65535
65535
65535
65535
65535
65535
65535
65535
65535
65535
65535
65535
65535
65535
65535
65535
65535
65535
65535
65535
65535
65535
65535
65535
65535
65535
65535
65535
65535
65535
65535
65535
65535
65535
65535
65535
65535
65535
65535
65535
65535
65535
65535
65535
65535
65535
65535
65535
65535
65535
65535
65535
65535
65535
65535
65535
65535
65535
65535
65535
65535
65535
65535
65535
65535
65535
65535
65535
65535
65535
65535
65535
65535
65535
65535
65535
65535
65535
65535
65535
65535
65535
65535
65535
65535
65535
65535
10691
65535
65535
65535
65535
65535
65535
65535
65535
65535
65535
65535
65535
65535
65535
65535
10692
65535
65535
65535
65535
65535
65535
65535
65535
65535
65535
65535
65535
65535
65535
65535
65535
65535
65535
65535
65535
65535
65535
65535
10693
65535
65535
65535
65535
65535
65535
65535
65535
65535
65535
65535
65535
65535
65535
65535
65535
65535
65535
65535
65535
65535
65535
65535
65535
65535
65535
65535
65535
65535
65535
65535
65535
65535
65535
65535
65535
65535
65535
65535
65535
65535
65535
65535
65535
65535
65535
65535
65535
65535
65535
65535
65535
65535
65535
65535
65535
65535
65535
65535
65535
65535
65535
65535
65535
65535
65535
65535
65535
65535
65535
65535
65535
65535
65535
65535
65535
65535
65535
65535
65535
65535
65535
65535
65535
65535
65535
65535
65535
10694
10695
10698
10699
10700
10701
10702
10703
10704
10705
10706
10707
10708
10709
10710
10711
10712
10713
10714
10715
10716
10717
10718
10719
10720
10721
10722
10723
10724
10725
10726
10727
10728
10729
10730
10731
10732
10733
10734
10735
10736
10737
10738
10739
10740
10741
10742
10743
10744
10745
10746
10747
10748
10749
10750
10751
10752
10753
10754
10755
10756
10757
10758
10759
10760
10761
10762
10763
10764
10765
10766
10767
10768
10769
10771
10772
10773
10774
10775
10776
10777
10778
10779
10780
10781
10782
10783
10784
10785
10786
10787
10788
10789
10790
10791
10792
10793
10795
10796
10797
10798
10800
10802
10804
10805
10806
10807
10808
10810
10811
10812
10813
10814
10815
10816
10817
10818
10819
10820
10821
10822
10823
10824
10830
10831
10832
10833
10834
10835
10836
10837
10841
10842
10843
10844
10845
10846
10847
10848
10849
10850
10852
10853
10854
10855
10856
10857
10858
10859
10860
10861
10863
10864
10865
10866
10867
10868
10869
10870
10871
10872
10873
10874
10875
10876
10877
10878
10879
10880
10881
10882
10883
10884
10885
10886
10887
10888
10889
10890
10891
10892
10893
10894
10895
10896
10897
10898
10899
10900
10901
10902
10903
10904
10905
10906
10907
10908
10909
10910
10911
10912
10913
10914
10915
10916
10917
10918
10919
10920
10921
10922
10923
10924
10925
10926
10927
10928
10929
10930
10931
10932
10933
10934
10935
10936
10937
10938
10939
10940
10941
10942
10943
10944
10945
10946
10947
10948
10949
10950
10951
10952
10954
10955
10956
10957
10958
10959
10960
10961
10962
10963
10964
10965
10966
10967
10968
10969
10970
10971
10972
10973
10974
10975
10976
10977
10979
10980
10981
10982
10983
10984
10985
10986
10987
10990
10991
10994
10995
10996
10998
10999
11001
11003
11004
11005
11006
11007
11008
11009
11010
11011
11012
11013
11014
11015
11016
11017
11018
11019
11020
11021
11022
11023
11024
11025
11026
11027
11028
11030
11031
11032
11033
11034
11035
11036
11037
11038
11039
11040
11041
11042
11043
65535
11044
11045
11046
11047
11048
11049
11050
11051
11053
11054
11055
11058
11059
11060
11061
11062
11063
11064
11065
11066
11067
11068
11069
11070
11071
11072
11073
11074
11075
11076
11077
11078
11079
11080
11081
11082
11083
11084
11085
11087
11088
11089
11090
11091
11092
11093
11097
11098
11099
11100
11101
11102
11104
11105
11106
11107
11108
11109
11110
11111
11112
11113
11114
11115
11116
11117
11118
11119
11124
11125
11126
11127
11128
11129
11130
11131
11132
11133
11134
11135
11136
11139
11140
11141
11142
11143
11144
11145
11146
11147
11148
11149
11150
11151
11152
11153
11154
11155
11156
11157
11158
11159
11160
11161
11162
11163
11164
11165
11166
11167
11168
11169
11170
11171
11172
11173
11174
11176
11177
11178
11179
11180
11181
11182
11183
11184
11185
11186
11187
11188
11189
11190
11191
11192
11193
11195
11197
11198
11199
11200
11201
11202
11203
11204
11205
11206
11208
11209
11210
11211
11212
11213
11214
11215
11216
11217
11218
11219
11220
11221
11222
11223
11224
11225
11226
11227
11228
11229
11230
11231
11232
11233
11234
11235
11236
11237
11238
11239
11240
11241
11242
11243
11245
11246
11247
11248
11249
11250
11251
11252
11253
11254
11255
11256
11257
11258
11259
11260
11261
11262
11263
11264
11268
11269
11270
11271
11272
11273
11276
11279
11280
11281
11282
11283
11284
11285
11286
11287
11288
11289
11290
11291
11292
11293
11294
11295
11296
11297
11298
11301
11302
11303
11304
11305
11306
11307
11309
11310
11311
11312
11313
11314
11315
11316
11317
11318
11319
11320
11321
11322
11323
11324
11325
11326
11327
11328
11329
11330
11331
11332
11333
11334
11335
11336
11337
11339
11340
11341
11342
11343
11344
11345
11346
11347
11348
11349
11350
11351
11352
11353
11354
11355
11356
11357
11358
11359
11360
11361
11362
11365
11366
11367
11368
11369
11370
11372
11373
11374
11375
11376
11377
11378
11379
11380
11381
11382
11383
11384
11386
11387
11388
11389
11390
11391
11392
11393
11394
11395
11396
11397
11398
11399
11400
11401
11402
11403
11404
11405
11406
11407
11408
11409
11410
11411
11412
11413
11414
11416
11417
11419
11420
11421
11422
11423
11424
11425
11426
11427
11428
11429
11430
11431
11432
11433
11434
11435
11436
11437
11438
11439
11440
11441
11442
11443
11444
11445
11446
11447
11448
11449
11450
11451
11452
11453
11454
11455
11456
11457
11458
11459
11460
11461
11462
11463
11464
11465
11466
11467
11469
11470
11471
11472
11473
11474
11475
11476
11477
11478
11479
11480
11481
11482
11483
11484
11485
11486
11487
11488
11490
11491
11492
11493
11494
11495
11496
11497
11498
11499
11500
11501
11502
11505
11506
11507
11508
11509
11510
11511
11512
11513
11514
11515
11516
11517
11518
11519
11520
11521
11522
11523
11524
11525
11526
11527
11528
11529
11530
11531
11532
11533
11534
11535
11536
11537
11538
11539
11540
11542
11543
11544
11546
11547
11548
11549
11550
11551
11552
11553
11554
11555
11558
11559
11560
11561
11562
11563
11564
11565
11566
11567
11568
11569
11570
11571
11572
11573
11574
11575
11576
11577
11578
11579
11580
11581
11582
11583
11584
11585
11586
11587
11588
11589
11591
11592
11593
11594
11595
11596
11597
11598
11599
11600
11601
11602
11603
11604
11605
11606
11607
11608
11609
11610
11611
11612
11613
11614
11615
11616
11617
11618
11619
11620
11621
11622
11623
11624
11625
11626
11627
11628
11629
11630
11631
11632
11633
11634
11635
11636
11637
11638
11639
11640
11641
11642
11644
11645
11646
11647
11648
11649
11650
11651
11652
11653
11654
11655
11656
11657
11658
11659
11660
11661
11662
11663
11664
11665
11666
11667
11668
11669
11670
11671
11672
11673
11674
11675
11676
11677
11678
11679
11680
11681
11682
11683
11684
11685
11687
11688
11689
11690
11691
11692
11693
11694
11695
11696
11697
11698
11699
11700
11701
11702
11703
11704
11705
11706
11707
11708
11709
11710
11711
11712
11713
11714
11715
11717
11718
11719
11720
11721
11722
11723
11724
11725
11726
11727
11728
11729
11730
11731
11732
11733
11734
11735
11736
11737
11738
11739
11740
11741
11742
11743
11744
11745
11746
11747
11748
11751
11753
11754
11755
11756
11757
11758
11759
11760
11761
11762
11763
11764
11765
11766
11767
11768
11769
11770
11771
11772
11773
11774
11775
11776
11777
11778
11779
11780
11781
11782
11783
11784
11785
11786
11787
11788
11789
11790
11793
11794
11795
11796
11797
11798
11799
11800
11801
11802
11803
11804
11805
11806
11807
11808
11809
11810
11811
11812
11813
11814
11815
11816
11817
11818
11819
11820
11821
11822
11823
11824
11825
11826
11827
11828
11829
11830
11831
11832
11833
11834
11835
11836
11837
11838
11839
11840
11841
11842
11843
11844
11845
11846
11847
11848
11849
11850
11851
11852
11853
11854
11857
11858
11859
11860
11861
11862
11863
11864
11865
11866
11867
11868
11869
11871
11872
11873
11874
11875
11877
11878
11879
11880
11881
11882
11883
11884
11885
11886
11887
11888
11891
11892
11893
11894
11895
11896
11897
11898
11899
11900
11901
11902
11903
11904
11905
11906
11907
11908
11909
11910
11911
11912
11913
11914
11915
11916
11917
11918
11919
11920
11921
11922
11923
11924
11925
11926
11927
11928
11930
11931
11933
11934
11935
11936
11937
11938
11939
11940
11941
11942
11943
11944
11945
11946
11947
11948
11949
11950
11951
11952
11953
11954
11955
11956
11957
11958
11959
11960
11961
11962
11963
11964
11965
11966
11967
11968
11969
11970
11971
11972
11973
11974
11975
11976
11977
11978
11979
11980
11981
11982
11983
11984
11985
11986
11987
11988
11989
11990
11991
11992
11993
11994
11995
11996
11997
11998
12000
12001
12002
12003
12004
12005
12006
12007
12008
12009
12010
12011
12012
12013
12014
12015
12016
12017
12018
12019
12020
12021
12022
12023
12024
12025
12026
12027
12028
12029
12030
12031
12032
12033
12034
12035
12036
12037
12038
12039
12040
12041
12042
12043
12044
12045
12046
12047
12048
12049
12050
12051
12052
12053
12054
12055
12056
12057
12058
12059
12060
12061
12062
12063
12064
12065
12066
12067
12068
12069
12070
12071
12072
12073
12074
12075
12076
12077
12078
12079
12080
12081
12082
12083
12084
12085
12086
12087
12088
12089
12090
12091
12092
12093
12094
12095
12096
12097
12098
12099
12100
12104
12105
12107
12108
12109
12110
12115
12116
12117
12119
12120
12121
12122
12123
12124
12125
12126
12127
12128
12129
12130
12131
12132
12133
12134
12135
12136
12138
12142
12143
12145
12146
12147
12148
12149
12150
12151
12152
12153
12154
12155
12156
12157
12158
12159
12160
12161
12162
12163
12165
12166
12167
12168
12169
12170
12171
12172
12173
12174
12175
12177
12179
12180
12181
12182
12183
12185
12186
12187
12188
12189
12190
12191
12193
12195
12196
12197
12198
12199
12200
12201
12202
12203
12204
12205
12206
12207
12208
12209
12210
12211
12212
12213
12214
12215
12216
12217
12218
12219
12220
12221
12222
12227
12228
12229
12230
12231
12232
12233
12234
12235
12236
12237
12238
12239
12240
12241
12242
12243
12244
12245
12246
12247
12248
12249
12250
12251
12252
12253
12254
12255
12256
12257
12258
12259
12260
12261
12262
12263
12264
12265
12266
12267
12268
12269
12270
12271
12272
12273
12274
12275
12276
12277
12278
12279
12280
12281
12282
12283
12284
12285
12286
12287
12288
12289
12290
12291
12293
12294
12295
12296
12297
12298
12299
12300
12301
12302
12303
12304
12305
12306
12307
12308
12309
12310
12311
12312
12313
12314
12315
12316
12318
12319
12320
12321
12322
12324
12327
12328
12329
12330
12331
12332
12333
12334
12335
12336
12337
12338
12339
12340
12341
12342
12343
12344
12345
12346
12347
12348
12349
12350
12351
12352
12353
12354
12355
12356
12357
12358
12361
12362
12363
12364
12365
12366
12367
12368
12369
12370
12371
12372
12373
12374
12375
12376
12377
12378
12379
12380
12381
12382
12383
12384
12385
12386
12387
12388
12389
12390
12391
12392
12393
12394
12395
12396
12397
12398
12399
12400
12401
12402
12403
12404
12405
12406
12408
12409
12410
12411
12412
12413
12414
12415
12416
12417
12418
12419
12420
12421
12422
12423
12424
12425
12426
12429
12430
12431
12432
12433
12434
12435
12436
12437
12438
12439
12441
12442
12443
12444
12445
12446
12447
12448
12449
12450
12451
12452
12453
12454
12455
12456
12457
12458
12459
12460
12461
12462
12464
12465
12466
12467
12468
12469
12470
12471
12472
12473
12474
12475
12476
12477
12478
12479
12481
12482
12483
12484
12485
12486
12487
12488
12489
12490
12491
12492
12493
12494
12495
12496
12497
12498
12499
12500
12501
12502
12503
12504
12507
12508
12509
12512
12513
12514
12515
12516
12517
12518
12520
12521
12522
12523
12524
12525
12526
12527
12528
12529
12530
12531
12532
12533
12534
12535
12537
12538
12539
12540
12541
12542
12543
12544
12545
12546
12547
12548
12549
12550
12551
12552
12553
12554
12555
12557
12558
12559
12560
12562
12563
12564
12565
12566
12567
12568
12569
12570
12571
12572
12573
12574
12575
12576
12577
12578
12579
12580
12581
12582
12583
12584
12585
12586
12587
12588
12589
12590
12591
12592
12593
12594
12595
12596
12597
12598
12599
12600
12601
12602
12603
12604
12605
12606
12607
12608
12609
12610
12611
12612
12613
12614
12615
12616
12617
12618
12619
12620
12622
12623
12624
12625
12626
12627
12628
12629
12630
12631
12632
12633
12634
12635
12636
12638
12639
12640
12641
12642
12643
12644
12645
12646
12647
12648
12649
12650
12651
12652
12653
12654
12655
12656
12657
12658
12659
12660
12661
12662
12663
12664
12665
12666
12667
12668
12669
12670
12671
12672
12673
12674
12675
12676
12677
12678
12679
12680
12681
12682
12683
12684
12685
12686
12687
12688
12689
12690
12691
12692
12693
12694
12695
12696
12697
12698
12699
12700
12701
12702
12703
12704
12705
12706
12708
12709
12710
12711
12712
12713
12714
12715
12716
12717
12718
12719
12720
12721
12722
12723
12724
12725
12726
12727
12728
12729
12730
12731
12732
12733
12734
12735
12736
12737
12738
12739
12740
12741
12742
12743
12744
12745
12747
12749
12750
12751
12752
12753
12754
12755
12756
12757
12758
12761
12762
12763
12764
12765
12766
12767
12768
12769
12771
12773
12783
12784
12785
12787
12788
12789
12791
12792
12793
12794
12795
12796
12797
12798
12799
12800
12801
12802
12803
12804
12805
12806
12807
12808
12809
12810
12811
12812
12813
12814
12815
12816
12817
12818
12819
12820
12821
12822
12823
12824
12826
12827
12829
12830
12831
12832
12833
12834
12835
12836
12837
12838
12839
12840
12841
12842
12843
12844
12845
12846
12847
12848
12849
12850
12851
12852
12855
12857
12858
12859
12860
12861
12862
12863
12864
12865
12866
12867
12868
12869
12870
12871
12872
12873
12874
12875
12876
12877
12878
12879
12880
12881
12882
12883
12884
12885
12886
12887
12888
12889
12890
12891
12892
12893
12894
12895
12896
12897
12898
12899
12900
12901
12902
12903
12904
12905
12906
12907
12908
12909
12910
12911
12912
12913
12914
12915
12916
12917
12918
12919
12920
12921
12922
12923
12924
12925
12926
12929
12930
12931
12932
12933
12934
12935
12936
12937
12938
12939
12940
12941
12942
12943
12944
12945
12946
12947
12948
12949
12950
12951
12952
12953
12954
12955
12956
12957
12959
12960
12961
12962
12963
12964
12965
12966
12967
12968
12969
12970
12971
12972
12973
12974
12975
12976
12977
12978
12979
12980
12981
12982
12983
12984
12985
12986
12987
12988
12989
12990
12991
12992
12993
12994
12995
12996
12997
12998
12999
13000
13001
13002
13003
13004
13005
13006
13007
13008
13010
13012
13013
13014
13015
13016
13017
13018
13019
13020
13021
13022
13023
13024
13033
13034
13035
13036
13037
13038
13039
13040
13041
13042
13043
13044
13045
13046
13047
13048
13049
13050
13052
13053
13054
13055
13056
13057
13058
13059
13060
13061
13062
13063
13064
13065
13066
13067
13068
13069
13070
13071
13072
13073
13075
13076
13077
13078
13079
13080
13081
13082
13083
13084
13085
13086
13088
13089
13091
13092
13094
13095
13096
13099
13100
13101
13104
13105
13106
13107
13108
13109
13110
13111
13112
13113
13114
13115
13116
13117
13118
13119
13120
13121
13122
13123
13124
13125
13126
13127
13128
13129
13130
13131
13132
13133
13134
13135
13136
13137
13138
13139
13140
13142
13143
13144
13145
13146
13147
13148
13149
13150
13151
13152
13153
13154
13155
13156
13157
13158
13160
13161
13162
13163
13164
13165
13166
13167
13168
13169
13170
13171
13172
13173
13174
13175
13176
13177
13178
13179
13180
13181
13182
13183
13184
13185
13186
13187
13188
13189
13190
13191
13192
13194
13195
13197
13198
13199
13200
13201
13202
13203
13204
13205
13206
13208
13209
13210
13211
13213
13214
13215
13216
13217
13218
13219
13220
13221
13222
13223
13225
13226
13228
13229
13230
13231
13232
13233
13234
13235
13236
13237
13238
13239
13240
13241
13242
13243
13244
13245
13246
13247
13248
13249
13250
13251
13252
13253
13254
13255
13256
13257
13258
13259
13260
13261
13262
13263
13264
13265
13266
13267
13268
13269
13270
13271
13272
13273
13274
13275
13276
13278
13279
13280
13281
13283
13284
13285
13286
13287
13288
13289
13290
13291
13292
13293
13294
13295
13296
13297
13298
13299
13300
13301
13302
13303
13305
13306
13307
13308
13309
13310
13311
13312
13313
13314
13315
13316
13317
13318
13319
13320
13321
13322
13323
13324
13325
13326
13327
13328
13329
13330
13331
13332
13333
13334
13335
13336
13337
13338
13339
13340
13341
13342
13343
13344
13345
13346
13347
13348
13349
13350
13351
13352
13353
13354
13355
13356
13357
13358
13359
13360
13361
13362
13363
13364
13365
13366
13367
13368
13369
13370
13371
13372
13373
13375
13376
13377
13378
13379
13380
13381
13382
13383
13384
13385
13386
13387
13388
13389
13390
13391
13392
13393
13394
13395
13396
13397
13398
13399
13400
13401
13402
13403
13404
13405
13406
13407
13408
13409
13410
13411
13412
13413
13414
13415
13416
13417
13418
13419
13421
13422
13423
13424
13425
13426
13427
13428
13429
13431
13433
13434
13435
13436
13437
13438
13439
13440
13441
13442
13443
13444
13445
13446
13447
13448
13449
13450
13451
13452
13453
13454
13455
13456
13457
13458
13459
13460
13461
13462
13463
13464
13465
13466
13467
13468
13469
13470
13471
13472
13473
13474
13475
13476
13477
13478
13479
13480
13481
13483
13484
13485
13486
13487
13488
13489
13490
13491
13492
13493
13494
13495
13496
13497
13498
13499
13500
13501
13502
13503
13504
13505
13506
13507
13508
13509
13510
13511
13512
13513
13514
13515
13516
13517
13518
13519
13520
13521
13522
13523
13524
13527
13528
13529
13530
13531
13532
13533
13534
13535
13536
13538
13541
13543
13544
13545
13546
13547
13548
13549
13550
13551
13552
13553
13554
13555
13556
13557
13558
13559
13560
13561
13562
13563
13564
13565
13566
13567
13568
13569
13570
13571
13572
13573
13574
13575
13576
13577
13578
13579
13580
13581
13582
13583
13584
13585
13586
13587
13588
13589
13590
13591
13592
13593
13594
13595
13596
13597
13598
13599
13600
13601
13602
13603
13604
13605
13606
13607
13608
13609
13610
13611
13612
13613
13614
13618
13619
13620
13621
13622
13623
13624
13625
13626
13627
13628
13629
13630
13631
13632
13633
13634
13635
13636
13638
13639
13640
13641
13642
13643
13644
13645
13646
13647
13649
13650
13651
13652
13653
13654
13655
13656
13657
13658
13659
13660
13661
13662
13663
13664
13665
13666
13667
13668
13669
13671
13672
13673
13674
13675
13676
13677
13678
13679
13680
13681
13682
13683
13684
13685
13686
13687
13688
13690
13691
13692
13693
13694
13695
13698
13699
13700
13701
13702
13703
13704
13705
13706
13707
13708
13709
13710
13711
13712
13713
13714
13715
13716
13717
13718
13719
13720
13721
13722
13723
13724
13725
13726
13727
13728
13729
13730
13731
13732
13733
13734
65535
13735
13736
13737
13738
13739
13740
13741
13742
13743
13744
13745
13746
13747
13748
13750
13751
13752
13753
13754
13755
13756
13757
13758
13759
13760
13761
13762
13763
13764
13765
13766
13767
13768
13769
13770
13771
13772
13773
13774
13775
13776
13777
13778
13779
13780
13781
13782
13784
13785
13787
13788
13789
13790
13791
13792
13793
13794
13795
13796
13797
13798
13799
13800
13801
13802
13803
13804
13805
13806
13807
13808
13809
13810
13811
13812
13813
13814
13815
13816
13817
13818
13819
13820
13821
13822
13823
13824
13825
13826
13827
13828
13829
13831
13832
13833
13834
13835
13836
13837
13838
13839
13840
13841
13842
13843
13844
13845
13846
13848
13849
13851
13852
13853
13856
13857
13858
13859
13860
13861
13862
13863
13864
13865
13866
13867
13868
13869
13870
13871
13872
13873
13874
13875
13876
13877
13878
13879
13880
13881
13882
13883
13884
13885
13886
13887
13888
13889
13890
13891
13892
13893
13894
13895
13896
13897
13898
13899
13900
13901
13902
13903
13904
13906
13907
13908
13909
13910
13911
13912
13913
13914
13915
13916
13917
13918
13919
13920
13921
13922
13923
13924
13925
13926
13927
13929
13930
13932
13933
13934
13935
13936
13937
13938
13939
13940
13941
13942
13943
13944
13945
13946
13947
13948
13949
13950
13951
13952
13953
13954
13955
13956
13957
13958
13959
13960
13961
13962
13963
13964
13965
13966
13967
13968
13969
13970
13971
13972
13973
13974
13975
13976
13977
13978
13979
13980
13981
13982
13983
13984
13985
13986
13987
13989
13990
13991
13992
13993
13994
13995
13996
13997
13998
13999
14000
14001
14002
14003
14004
14005
14006
14007
14008
14009
14010
14013
14014
14016
14017
14019
14020
14021
14022
14023
14024
14025
14026
14027
14028
14029
14030
14031
14032
14033
14034
14035
14036
14037
14038
14039
14040
14041
14042
14043
14044
14045
14046
14047
14048
14049
14050
14051
14053
14054
14055
14056
14057
14058
14059
14060
14061
14062
14063
14064
14065
14066
14067
14068
14069
14070
14071
14072
14073
14074
14075
14076
14077
14078
14079
14080
14081
14082
14083
14084
14085
14086
14087
14088
14089
14090
14091
14092
14093
14094
14095
14096
14097
14099
14101
14102
14103
14104
14105
14106
14107
14108
14109
14110
14111
14112
14113
14114
14115
14116
14117
14119
14120
14121
14122
14123
14124
14125
14126
14127
14128
14129
14130
14131
14132
14133
14134
14135
14136
14137
14138
14140
14141
14143
14144
14145
14148
14149
14150
14153
14159
14164
14165
14166
14167
14168
14169
14170
14171
14172
14173
14174
14175
14176
14177
14178
14179
14180
14181
14182
14183
14184
14185
14186
14187
14188
14189
14192
14193
14194
14195
14196
14197
14198
14199
14200
14201
14202
14204
14205
14207
14208
14209
14210
14211
14212
14213
14214
14215
14216
14217
14218
14219
14220
14221
14222
14223
14224
14225
14226
14227
14228
14229
14230
14231
14233
14234
14236
14237
14238
14239
14240
14241
14242
14243
14244
14245
14246
14247
14248
14249
14250
14251
14252
14253
14254
14255
14256
14257
14258
14259
14261
14262
14263
14264
14266
14267
14268
14269
14270
14271
14272
14273
14274
14275
14276
14277
14278
14279
14280
14281
14282
14283
14284
14285
14286
14287
14288
14289
14290
14291
14292
14293
14294
14295
14299
14300
14301
14302
14303
14304
14305
14306
14307
14308
14309
14310
14311
14312
14313
14314
14315
14316
14317
14318
14319
14320
14321
14322
14323
14324
14325
14326
14327
14328
14329
14331
14332
14333
14334
14335
14336
14337
14338
14339
14340
14341
14342
14343
14344
14345
14346
14347
14348
14349
14350
14351
14352
14353
14354
14355
14357
14358
14359
14360
14361
14362
14363
14364
14365
14366
14367
14368
14369
14370
14371
14372
14373
14375
14376
14377
14378
14379
14380
14381
14384
14385
14386
14387
14388
14389
14390
14391
14392
14393
14394
14395
14396
14397
14398
14399
14400
14401
14402
14403
14404
14405
14406
14410
14411
14412
14413
14414
14415
14416
14417
14418
14419
14420
14421
14422
14423
14424
14425
14426
14427
14428
14429
14430
14431
14432
14433
14435
14436
14437
14438
14439
14440
14441
14442
14443
14444
14445
14446
14447
14448
14449
14450
14451
14452
14453
14454
14455
14456
14457
14458
14459
14460
14461
14462
14463
14464
14465
14466
14467
14468
14469
14470
14471
14472
14473
14474
14475
14476
14477
14478
14479
14480
14481
14482
14483
14484
14485
14486
14487
14488
14489
14490
14491
14492
14493
14494
14495
14496
14497
14498
14499
14500
14501
14502
14503
14504
14505
14506
14507
14508
14509
14510
14511
14512
14513
14514
14515
14516
14517
14518
14519
14520
14521
14522
14523
14524
14525
14526
14527
14528
14529
14530
14531
14532
14533
14534
14535
14536
14537
14538
14539
14540
14541
14542
14543
14544
14545
14546
14548
14549
14550
14551
14552
14553
14555
14556
14557
14558
14559
14560
14561
14562
14563
14564
14565
14566
14567
14568
14569
14570
14571
14573
14574
14575
14576
14577
14578
14579
14580
14582
14583
14584
14585
14586
14587
14588
14589
14590
14591
14592
14593
14594
14595
14596
14597
14598
14599
14600
14601
14602
14603
14604
14605
14606
14607
14608
14609
14610
14611
14612
14613
14614
14615
14616
14617
14618
14619
14620
14621
14622
14623
14624
14625
14627
14628
14629
14630
14631
14632
14633
14634
14635
14636
14637
14640
14641
14642
14643
14644
14645
14646
14647
14648
14649
14650
14651
14652
14653
14655
14656
14657
14658
14659
14660
14661
14662
14663
14664
14665
14666
14667
14668
14669
14670
14671
14672
14673
14674
14675
14676
14677
14678
14679
14680
14681
14682
14683
14684
14685
14686
14687
14688
14689
14690
14691
14692
14693
14694
14696
14697
14698
14699
14700
14701
14702
14703
14704
14705
14706
14708
14709
14710
14711
14712
14713
14714
14715
14716
14717
14718
14719
14720
14721
14722
14724
14725
14726
14727
14728
14729
14730
14731
14732
14733
14734
14735
14736
14737
14738
14739
14740
14741
14742
14743
14744
14745
14746
14747
14748
14749
14750
14751
14752
14753
14756
14758
14759
14760
14761
14762
14763
14764
14765
14766
14767
14768
14769
14770
14771
14772
14773
14774
14775
14776
14777
14778
14779
14780
14781
14782
14783
14784
14785
14786
14787
14788
14789
14790
14792
14793
14794
14795
14796
14798
14799
14800
14801
14802
14803
14804
14805
14806
14807
14808
14809
14810
14811
14812
14813
14814
14815
14816
14817
14818
14819
14820
14821
14822
14823
14824
14825
14826
14827
14828
14829
14830
14831
14832
14833
14834
14835
14836
14837
14838
14839
14840
14841
14842
14843
14844
14845
14847
14848
14849
14850
14851
14852
14854
14855
14856
14857
14858
14859
14860
14861
14862
14863
14864
14865
14866
14867
14868
14869
14870
14871
14872
14876
14877
14878
14879
14880
14881
14884
14885
14886
14887
14888
14889
14890
14891
14892
14893
14894
14895
14896
14897
14898
14899
14900
14901
14902
14903
14904
14905
14906
14907
14908
14909
14910
14911
14912
14913
14914
14915
14916
14917
14919
14920
14921
14922
14923
14924
14925
14926
14927
14928
14929
14930
14931
14932
14933
14934
14935
14936
14937
14938
14939
14940
14941
14942
14943
14944
14945
14946
14947
14954
14955
14956
14957
14958
14959
14960
14961
14962
14963
14964
14965
14966
14967
14968
14969
14970
14971
14972
14973
14974
14975
14976
14977
14978
14979
14980
14981
14982
14983
14984
14985
14986
14987
14988
14989
14990
14991
14992
14993
14994
14995
14996
14997
14998
14999
15000
15001
15002
15003
15004
15005
15006
15007
15008
15009
15010
15011
15012
15013
15014
15015
15016
15017
15018
15019
15024
15025
15026
15027
15028
15029
15030
15031
15032
15033
15034
15035
15036
15037
15038
15039
15040
15041
15043
15044
15045
15046
15047
15048
15049
15050
15051
15052
15053
15054
15055
15056
15057
15058
15059
15060
15061
15062
15063
15064
15065
15066
15067
15068
15069
15070
15071
15072
15073
15074
15075
15076
15077
15078
15079
15080
15081
15082
15083
15084
15085
15086
15087
15088
15089
15090
15091
15092
15093
15094
15095
15096
15097
15098
15099
15100
15101
15102
15103
15105
15106
15107
15108
15109
15110
15112
15113
15114
15115
15116
15117
15118
15119
15120
15121
15122
15123
15125
15126
15129
15130
15131
15132
15133
15134
15135
15136
15137
15138
15139
15140
15141
15142
15143
15144
15145
15146
15147
15148
15149
15150
15151
15152
15153
15154
15155
15156
15157
15158
15159
15160
15162
15163
15164
15165
15166
15167
15168
15169
15170
15172
15173
15174
15175
15176
15177
15178
15179
15180
15182
15183
15184
15185
15186
15187
15188
15189
15190
15191
15192
15193
15194
15195
15196
15197
15198
15199
15200
15201
15202
15203
15204
15205
15206
15207
15208
15209
15210
15211
15212
15213
15215
15216
15217
15218
15219
15220
15221
15223
15224
15225
15226
15227
15228
15229
15230
15231
15236
15237
15239
15240
15241
15245
15246
15247
15248
15249
15250
15251
15252
15253
15254
15255
15256
15257
15258
15259
15260
15261
15262
15263
15264
15265
15266
15267
15268
15269
15270
15271
15272
15273
15274
15275
15278
15279
15280
15281
15282
15283
15284
15285
15286
15287
15288
15289
15290
15291
15292
15293
15294
15295
15296
15297
15298
15299
15300
15301
15302
15303
15304
15305
15306
15307
15308
15309
15310
15311
15312
15313
15314
15315
15316
15317
15318
15319
15320
15321
15322
15323
15324
15325
15326
15327
15328
15329
15330
15331
15332
15333
15334
15335
15336
15337
15338
15339
15340
15341
15342
15343
15344
15345
15346
15347
15348
15349
15350
15351
15352
15353
15354
15355
15356
15357
15358
15359
15360
15361
15362
15363
15364
15365
15366
15367
15368
15369
15370
15371
15372
15373
15374
15375
15376
15377
15378
15379
15380
15381
15382
15383
15384
15385
15386
15387
15388
15389
15390
15391
15392
15393
15394
15395
15396
15397
15398
15399
15400
15401
15402
15403
15404
15405
15407
15409
15410
15411
15412
15415
15416
15417
15418
15419
15420
15421
15422
15423
15424
15425
15426
15427
15428
15429
15430
15431
15432
15433
15434
15435
15436
15437
15438
15439
15440
15441
15442
15443
15444
15445
15446
15447
15448
15449
15451
15452
15453
15454
15455
15456
15457
15458
15459
15460
15461
15462
15463
15464
15465
15466
15467
15468
15469
15470
15471
15472
15476
15477
15478
15479
15480
15481
15482
15483
15484
15485
15486
15487
15489
15490
15491
15492
15493
15494
15495
15496
15497
15498
15499
15500
15501
15502
15503
15504
15505
15506
15507
15508
15509
15510
15511
15512
15513
15514
15515
15517
15518
15519
15520
15521
15522
15523
15524
15525
15526
15527
15528
15529
15530
15531
15532
15533
15534
15535
15536
15537
15538
15539
15540
15541
15542
15543
15544
15545
15546
15547
15548
15549
15550
15551
15552
15553
15554
15555
15556
15557
15558
15559
15560
15561
15562
15563
15564
15565
15566
15567
15568
15569
15570
15571
15572
15573
15574
15575
15576
15577
15578
15579
15580
15581
15582
15583
15584
15585
15586
15587
15588
15589
15590
15591
15592
15593
15594
15595
15596
15597
15598
15599
15600
15601
15602
15603
15604
15605
15606
15607
15608
15609
15610
15611
15612
15613
15614
15615
15616
15622
15623
15624
15625
15626
15627
15628
15629
15630
15631
15632
15633
15634
15635
15636
15637
15638
15639
15640
15643
15644
15645
15646
15647
15648
15649
15652
15653
15654
15655
15656
15657
15658
15659
15660
15661
15662
15663
15664
15665
15666
15668
15669
15670
15671
15672
15673
15674
15675
15676
15677
15678
15679
15680
15681
15682
15683
15684
15685
15686
15687
15688
15689
15690
15691
15692
15693
15694
15695
15696
15697
15698
15699
15700
15701
15702
15703
15708
15709
15710
15711
15714
15715
15716
15717
15718
15719
15721
15722
15723
15724
15725
15726
15727
15728
15729
15730
15731
15732
15734
15735
15736
15737
15738
15739
15740
15741
15742
15743
15744
15746
15747
15748
15749
15750
15751
15752
15753
15754
15755
15756
15757
15758
15759
15762
15763
15764
15765
15766
15767
15768
15769
15771
15772
15773
15774
15775
15776
15777
15778
15779
15780
15781
15782
15783
15784
15785
15786
65535
15787
15788
15789
15790
15791
15792
15796
15797
15798
15799
15800
15801
15802
15803
15804
15805
15807
15809
15810
15811
15812
15813
15814
15815
15816
15817
15818
15819
15820
15821
15822
15823
15824
15825
15826
15828
15829
15830
15831
15832
15833
15834
15835
15836
15837
15838
15839
15840
15841
15842
15843
15845
15846
15847
15848
15849
15850
15851
15852
15853
15854
15855
15856
15857
15858
15860
15861
65535
15862
15863
15864
15865
15866
15867
15868
15869
15870
15871
15872
15873
15874
15875
15876
15877
15879
15880
15881
15882
15883
15884
15885
15886
15887
15888
15889
15890
15891
15892
15893
15894
15895
15896
15897
15898
15899
15900
15902
15903
15904
15905
15906
15907
15908
15909
15910
15911
15912
15913
15914
15915
15916
15917
15918
15919
15920
15921
15922
15924
15925
15926
15927
15928
15929
15930
15931
15932
15933
15934
15935
15936
15937
15938
15939
15940
15942
15943
15944
15945
15946
15947
15948
15949
15950
15951
15952
15953
15954
15955
15956
15957
15958
15959
15961
15962
15963
15964
15965
15967
15968
15969
15970
15971
15972
15973
15975
15976
15977
15978
15979
15980
15981
15982
15983
15984
15985
15986
15987
15988
15989
15990
15991
15992
15993
15994
15995
15996
15997
15998
16000
16001
16002
16003
16004
16006
16007
16008
16009
16010
16011
16012
16013
16014
16015
16017
16018
16019
16020
16021
16022
16023
16024
16025
16026
16027
16028
16029
16030
16031
16032
16033
16034
16035
16036
16037
16038
16040
16041
16042
16043
16044
16045
16047
16048
16049
16050
16051
16052
16053
16054
16055
16056
16057
16058
16059
16060
16061
16062
16063
16064
16065
16066
16067
16069
16070
16071
16072
16073
16074
16075
16076
16077
16078
16079
16080
16081
16082
16083
16084
16085
16086
16087
16088
16089
16090
16091
16092
16093
16094
16095
16096
16097
16099
16100
16101
16102
16103
16104
16105
16106
16107
16108
16109
16110
16111
16112
16113
16114
16115
16116
16117
16118
16119
16120
16121
16122
16123
16124
16125
16126
16127
16128
16129
16130
16131
16132
16133
16134
16135
16136
16137
16138
16141
16142
16143
16144
16145
16146
16148
16149
16156
16157
16158
16159
16160
16161
16162
16163
16164
16165
16166
16167
16168
16169
16170
16171
16172
16173
16174
16175
16176
16177
16178
16179
16180
16181
16182
16183
16184
16185
16186
16187
16188
16189
16190
16191
16192
16193
16194
16195
16196
16197
16198
16199
16200
16201
16202
16204
16205
16206
16207
16208
16209
16210
16211
16212
16214
16215
16216
16217
16218
16219
16220
16221
16222
16223
16224
16225
16226
16227
16229
16230
16231
16232
16236
16237
16238
16239
16240
16241
16242
16243
16244
16245
16246
16247
16248
16249
16250
16251
16252
16253
16254
16255
16256
16257
16258
16259
16260
16261
16262
16263
16264
16265
16266
16267
16268
16269
16270
16271
16272
16273
16274
16275
16276
16277
16278
16279
16280
16281
16282
16283
16284
16285
16286
16287
16288
16289
16290
16291
16292
16293
16294
16295
16296
16297
16298
16299
16300
16301
16302
16303
16304
16305
16306
16307
16308
16309
16310
16311
16312
16313
16314
16315
16316
16317
16318
16319
16320
16321
16322
16324
16325
16326
16327
16328
16329
16330
16331
16332
16333
16334
16335
16336
16337
16338
16339
16341
16342
16343
16344
16345
16346
16348
16349
16350
16351
16352
16353
16354
16355
16356
16357
16358
16359
16360
16361
16362
16363
16364
16365
16366
16367
16368
16369
16371
16372
16373
16374
16375
16377
16378
16381
16382
16383
16384
16385
16387
16388
16389
16390
16391
16392
16393
16394
16395
16396
16397
16398
16399
16400
16401
16402
16403
16404
16405
16406
16407
16408
16409
16410
16411
16412
16413
16414
16415
16416
16417
16418
16419
16420
16421
16422
16423
16424
16425
16426
16427
16428
16429
16430
16431
16434
16435
16436
16437
16438
16439
16440
16441
16442
16444
16445
16446
16447
16448
16449
16450
16451
16452
16453
16454
16455
16456
16457
16458
16459
16460
16461
16462
16463
16464
16465
16466
16467
16468
16469
16470
16471
16472
16473
16474
16475
16476
16477
16478
16479
16480
16481
16482
16483
16484
16485
16486
16487
16488
16489
16490
16491
16492
16494
16496
16498
16499
16500
16501
16502
16505
16507
16508
16509
16510
16511
16513
16514
16515
16516
16517
16518
16519
16520
16521
16522
16523
16524
16525
16526
16527
16528
16529
16530
16531
16532
16535
16536
16537
16538
16540
16541
16545
16546
16547
16548
16549
16550
16551
16552
16553
16554
16555
16556
16557
16558
16559
16560
16561
16562
16563
16564
16565
16568
16569
16570
16571
16572
16573
16574
16575
16577
16578
16579
16581
16582
16583
16584
16585
16586
16587
16588
16589
16590
16591
16592
16593
16594
16595
16596
16597
16598
16599
16600
16601
16602
16603
16604
16605
16606
16607
16608
16609
16610
16611
16612
16613
16614
16621
16622
16623
16624
16625
16627
16628
16629
16630
16631
16632
16633
16634
16635
16636
16637
16638
16639
16640
16641
16642
16643
16644
16645
16646
16647
16648
16649
16650
16651
16652
16653
16654
16655
16656
16657
16658
16659
16660
16661
16662
16663
16664
16665
16666
16667
16668
16669
16670
16671
16672
16673
16674
16675
16676
16677
16678
16679
16680
16681
16682
16683
16684
16685
16686
16687
16688
16692
16693
16694
16695
16696
16697
16698
16699
16700
16701
16702
16703
16704
16705
16706
16707
16708
16709
16710
16711
16712
16713
16714
16715
16716
16717
16718
16719
16720
16721
16722
16723
16724
16725
16726
16727
16728
16729
16730
16731
16732
16733
16734
16735
16736
16737
16738
16739
16740
16741
16742
16743
16744
16745
16746
16747
16748
16749
16751
16752
16753
16754
16755
16756
16757
16758
16759
16760
16761
16762
16763
16765
16766
16767
16768
16769
16770
16771
16772
16773
16774
16775
16776
16777
16778
16779
16780
16781
16782
16783
16784
16785
16787
16791
16792
16793
16794
16795
16796
16797
16798
16799
16800
16801
16802
16803
16804
16805
16806
16807
16808
16809
16810
16811
16812
16813
16814
16815
16816
16817
16818
16820
16821
16822
16823
16824
16825
16826
16827
16828
16829
16830
16831
16832
16833
16834
16836
16838
16839
16840
16841
16842
16843
16844
16845
16846
16847
16848
16849
16851
16852
16853
16854
16855
16856
16857
16858
16859
16860
16861
16862
16863
16864
16865
16866
16867
16868
16869
16870
16871
16872
16873
16874
16875
16876
16877
16878
16879
16880
16881
16882
16883
16884
16885
16886
16887
16888
16889
16890
16891
16892
16893
16894
16895
16896
16897
16898
16899
16900
16901
16904
16905
16906
16907
16908
16909
65535
16910
16914
16915
16916
16917
16918
16919
16920
16921
16922
16924
16925
16926
16927
16928
16929
16930
16931
16932
16933
16934
16935
16936
16937
16938
16939
16940
16941
16942
16943
16944
16945
16946
16947
16948
16949
16950
16951
16952
16953
16954
16955
16959
16960
16961
16962
16963
16965
16966
16967
16968
16969
16970
16971
16972
16973
16974
16975
16976
16977
16978
16979
16981
16982
16983
16984
16985
16986
16987
16988
16989
16993
16994
16995
16996
16997
16998
17000
17001
17002
17003
17004
17005
17006
17008
17009
17010
17011
17012
17013
17014
17015
17016
17017
17018
17019
17020
17021
17022
17023
17024
17025
17026
17027
17028
17029
17030
17031
17032
17033
17034
17035
17036
17037
17038
17039
17042
17043
17044
17045
17046
17047
17048
17049
17050
17051
17052
17053
17054
17055
17056
17057
17059
17060
17061
17063
17064
17065
17066
17067
17068
17069
17070
17071
17072
17074
17075
17076
17077
17078
17079
17080
17081
17082
17083
17084
17085
17086
17087
17088
17089
17090
17091
17092
17093
17094
17095
17096
17097
17098
17099
17103
17104
17105
17106
17107
17108
17109
17110
17111
17112
17113
17114
17115
17116
17117
17118
17119
17120
17121
17122
17123
17124
17125
17126
17127
17128
17129
17130
17131
17132
17134
17135
17136
17137
17138
17139
17140
17141
17142
17143
17144
17145
17146
17147
17148
17149
17150
17151
17152
17153
17154
17155
17156
17157
17158
17160
17161
17162
17163
17164
17165
17166
17167
17168
17169
17170
17171
17172
17173
17174
17175
17176
17177
17178
17179
17180
17181
17182
17183
17184
17185
17186
17187
17188
17189
17190
17191
17192
17193
17194
17195
17196
17197
17198
17199
17200
17201
17202
17203
17204
17205
17206
17207
17208
65535
17209
17210
17211
17212
17213
17214
17215
17216
17217
17218
17219
17220
17221
17222
17223
17224
17225
17226
17227
17228
17229
17230
17231
17232
17233
17234
17235
17236
17237
17238
17239
17240
17241
17242
17243
17244
17245
17246
17247
17248
17249
17250
17251
17252
17253
17254
17255
17256
17257
17258
17259
17260
17261
17262
17263
17264
17265
17266
17267
17268
17269
17270
17271
17272
17273
17274
17275
17276
17277
17278
17279
17280
17281
17282
17283
17284
17285
17286
17287
17288
17290
17291
17292
17293
17294
17295
17296
17297
17298
17299
17300
17301
17302
17303
17304
17305
17306
17307
17308
17309
17310
17311
17312
17313
17314
17315
17316
17317
17318
17319
17320
17321
17322
17323
17324
17325
17326
17327
17328
17329
17330
17331
17332
17333
17334
17335
17336
17337
17338
17339
17340
17341
17342
17343
17344
17345
17346
17347
17348
17349
17350
17351
17352
17353
17354
17355
17356
17357
17358
17359
17360
17361
17362
17363
17364
17365
17366
17367
17368
17369
17370
17371
17372
17373
17374
17375
17376
17377
17378
17379
17380
17381
17382
17383
17384
17385
17386
17387
17388
17389
17390
17391
17392
17393
17394
17395
17396
17397
17398
17399
17400
17401
17403
17404
17405
17406
17407
17408
17411
17412
17413
17414
17415
17416
17417
17418
17419
17420
17421
17422
17423
17424
17425
17426
17427
17430
17431
17432
17433
17434
17436
17437
17438
17439
17440
17441
17442
17443
17444
17445
17447
17448
17451
17452
17453
17454
17455
17456
17457
17458
17459
17460
17461
17462
17463
17464
17465
17466
17467
17468
17469
17470
17472
17473
17474
17475
17477
17478
17479
17480
17481
17482
17483
17484
17485
17486
17487
17488
17489
17490
17491
17492
17493
17494
17495
17496
17497
17498
17499
17500
17501
17502
17503
17504
17505
17506
17507
17508
17509
17510
17511
17512
17513
17514
17515
17516
17517
17518
17519
17520
17521
17522
17523
17525
17526
17527
17528
17529
17530
17531
17532
17533
17534
17537
17538
17541
17542
17544
17546
17547
17548
17549
17550
17551
17552
17553
17554
17559
17560
17561
17562
17563
17564
17565
17566
17568
17569
17570
17571
17572
17573
17574
17575
17576
17577
17578
17579
17580
17581
17582
17583
17584
17585
17586
17587
17588
17589
17590
17591
17592
17593
17594
17595
17596
17597
17598
17599
17600
17601
17602
17603
17604
17605
17606
17607
17608
17609
17610
17611
17612
17613
17614
17615
17616
17617
17618
17619
17620
17621
17622
17623
17624
17625
17626
17627
17628
17629
17630
17631
17632
17633
17634
17635
17636
17637
17638
17639
17640
17641
17642
17643
17644
17645
17646
17647
17648
17649
17650
17651
17652
17653
17654
17655
17656
17657
17658
17659
17660
17661
17662
17663
17664
17665
17666
17667
17668
17669
17670
17671
17672
17673
17674
17675
17676
17677
17678
17679
17680
17681
17682
17683
17684
17685
17686
17687
17688
17689
17690
17691
17692
17693
17694
17695
17696
17697
17698
17699
17700
17701
17702
17703
17704
17705
17706
17707
17708
17709
17710
17711
17712
17713
17714
17715
17716
17717
17718
17719
17720
17721
17722
17723
17724
17725
17726
17727
17728
17729
17731
17732
17733
17734
17735
17736
17737
17738
17739
17740
17741
17742
17743
17744
17745
17746
17747
17748
17749
17750
17751
17752
17753
17754
17755
17756
17757
17758
17759
17760
17762
17763
17764
17765
17766
17767
17768
17769
17770
17771
17772
17773
17774
17775
17776
17777
17778
17779
17780
17781
17782
17783
17784
17785
17786
17787
17788
17789
17791
17792
17793
17794
17795
17798
17799
17800
17801
17802
17803
17804
17805
17806
17807
17808
17809
17810
17811
17812
17813
17814
17815
17816
17817
17818
17819
17821
17822
17823
17824
17825
17826
17827
17828
17829
17830
17831
17832
17833
17834
17835
17836
17837
17838
17839
17840
17841
17842
17843
17844
17845
17846
17847
17848
17849
17850
17851
17852
17853
17854
17855
17856
17857
17858
17859
17860
17861
17862
17863
17864
17865
17866
17867
17868
17869
17870
17871
17872
17873
17874
17875
17876
17877
17878
17879
17881
17882
17883
17884
17886
17887
17888
17889
17890
17891
17892
17893
17894
17895
17896
17897
17898
17899
17900
17901
17902
17903
17904
17905
17906
17907
17908
17909
17910
17911
17912
17913
17915
17916
17917
17918
17919
17920
17921
17922
17923
17924
17925
17926
17927
17928
17929
17930
17931
17932
17933
17934
17935
17936
17937
17938
17939
17940
17941
17942
17943
17944
17945
17946
17947
17948
17949
17950
17951
17952
17953
17954
17955
17956
17957
17958
17959
17960
17961
17962
17963
17964
17965
17966
17967
17968
17969
17970
17971
17972
17973
17974
17975
17976
17977
17978
17979
17980
17981
17982
17983
17984
17985
17986
17987
17988
17989
17990
17991
17992
17993
17995
17996
17997
17998
17999
18000
18001
18002
18003
18004
18005
18006
18007
18008
18009
18010
18011
18012
18013
18014
18016
18017
18018
18019
18020
18021
18022
18023
18024
18025
18026
18027
18028
18029
18030
18031
18032
18033
18034
18035
18036
18037
18038
18039
18040
18042
18043
18044
18045
18046
18047
18048
18049
18050
18051
18052
18053
18054
18055
18056
18057
18058
18059
18060
18061
18062
18063
18064
18065
18066
18067
18068
18069
18070
18071
18072
18073
18074
18075
18076
18077
18078
18079
18080
18081
18082
18083
18084
18086
18087
18088
18089
18090
18091
18092
18093
18094
18095
18096
18097
18098
18099
18100
18101
18102
18103
18104
18105
18106
18107
18108
18109
18110
18111
18112
18113
18114
18116
18117
18118
18119
18120
18121
18122
18123
18125
18127
18128
18129
18130
18131
18132
18133
18134
18135
18136
18137
18138
18139
18140
18141
18142
18143
18144
18145
18147
18149
18150
18151
18152
18153
18154
18155
18156
18157
18158
18159
18160
18161
18162
18163
18164
18165
18166
18167
18168
18169
18170
18171
18172
18173
18174
18175
18176
18177
18178
18179
18180
18181
18182
18183
18184
18185
18186
18188
18189
18190
18191
18192
18193
18194
18196
18197
18198
18199
18200
18201
18202
18203
18204
18205
18206
18207
18208
18209
18210
18211
18212
18213
18216
18217
18218
18219
18220
18221
18222
18223
18224
18225
18226
18227
18228
18229
18230
18231
18232
18233
18234
18235
18236
18237
18238
18239
18240
18242
18243
18244
18245
18246
18247
18250
18251
18252
18253
18254
18255
18256
18257
18258
18259
18260
18261
18262
18263
18264
18265
18266
18267
18268
18269
18270
18271
18272
18273
18274
18275
18276
18277
18278
18279
18280
18281
18282
18283
18284
18285
18286
18287
18288
18289
18290
18291
18292
18293
18294
18295
18296
18297
18298
18299
18300
18301
18302
18303
18304
18305
18306
18307
18308
18309
18310
18311
18312
18313
18314
18315
18316
18317
18318
18319
18320
18322
18323
18325
18326
18327
18328
18329
18330
18332
18333
18334
18335
18336
18337
18338
18339
18340
18341
18342
18343
18344
18345
18346
18347
18348
18349
18350
18351
18352
18353
18356
18357
18358
18359
18360
18361
18362
18363
18364
18365
18366
18367
18369
18370
18371
18372
18373
18374
18375
18376
18377
18378
18379
18380
18381
18382
18383
18384
18385
18386
18387
18388
18389
18390
18391
18392
18393
18394
18395
18396
18398
18399
18400
18401
18402
18403
18404
18408
18409
18410
18411
18413
18414
18415
18416
18417
18418
18419
18420
18421
18422
18423
18424
18425
18426
18427
18428
18429
18430
18431
18432
18433
18434
18435
18437
18438
18439
18440
18441
18443
18444
18445
18446
18447
18448
18449
18450
18451
18452
18453
18454
18455
18456
18457
18459
18460
18461
18462
18463
18464
18465
18466
18467
18468
18469
18471
18472
18473
18475
18476
18477
18478
18479
18480
18481
18482
18483
18484
18485
18486
18487
18488
18489
18490
18491
18492
18493
18494
18495
18497
18498
18499
18500
18501
18502
18503
18504
18505
18506
18507
18508
18509
18510
18511
18513
18514
18515
18516
18518
18519
18520
18521
18522
18523
18524
18526
18527
18529
18530
18531
18532
18533
18534
18535
18536
18537
18538
18539
18540
18541
18543
18544
18545
18546
18547
18548
18549
18550
18551
18552
18553
18554
18555
18556
18557
18558
18559
18560
18561
18562
18563
18564
18565
18566
18567
18568
18569
18570
18571
18572
18573
18574
18575
18576
18577
18578
18579
18580
18581
18582
18583
18587
18588
18589
18590
18591
18592
18593
18594
18595
18597
18598
18599
18600
18601
18602
18603
18604
18605
18606
18607
18608
18609
18611
18612
18613
18614
18615
18616
18617
18619
18620
18621
18622
18623
18624
18625
18626
18627
18628
18629
18630
18631
18632
18633
18634
18636
18637
18638
18639
18640
18641
18642
18643
18644
18645
18646
18647
18648
18649
18653
18654
18655
18656
18657
18658
18659
18660
18661
18662
18663
18664
18665
18666
18667
18668
18669
18670
18671
18672
18673
18674
18675
18676
18677
18678
18679
18680
18681
18682
18683
18684
18685
18686
18687
18688
18689
18690
18691
18692
18693
18694
18695
18696
18697
18698
18699
18700
18701
18702
18703
18704
18705
18706
18707
18708
18709
18710
18712
18713
18714
18715
18716
18717
18718
18719
18720
18721
18722
18723
18724
18725
18726
18727
18728
18729
18730
18731
18732
18733
18734
18735
18736
18737
18738
18739
18740
18741
18742
18743
18744
18745
18746
18747
18748
18749
18750
18751
18752
18753
18754
18755
18756
18757
18758
18759
18760
18761
18762
18763
18764
18765
18766
18767
18768
18770
18771
18772
18773
18774
18775
18776
18777
18778
18779
18780
18781
18782
18783
18784
18785
18786
18787
18788
18789
18790
18791
18792
18793
18794
18795
18796
18798
18799
18800
18801
18802
18803
18804
18805
18806
18807
18808
18809
18810
18811
18813
18814
18815
18816
18817
18818
18819
18820
18821
18822
18823
18824
18825
18826
18827
18828
18829
18830
18831
18832
18833
18834
18835
18836
18837
18838
18839
18841
18842
18843
18844
18845
18846
18847
18848
18849
18850
18851
18852
18853
18855
18856
18857
18858
18859
18860
18861
18862
18864
18865
18866
18867
18868
18869
18870
18871
18872
18873
18875
18876
18877
18878
18879
18880
18881
18882
18883
18884
18885
18886
18887
18888
18889
18890
18891
18892
18893
18894
18895
18896
18897
18898
18899
18900
18901
65535
65535
65535
65535
65535
65535
65535
65535
65535
65535
65535
65535
65535
65535
65535
65535
65535
65535
65535
65535
65535
65535
65535
65535
65535
65535
65535
65535
65535
65535
65535
65535
